526
212
7 14 23 41 42 46 47 53 56 60 66 72 87 89 93 113 121 129 133 147 151 152 167 170 189 197 208 214 249 252 278 287 288 293 299 314 319 328 363 367 381 395 401 410 415 416 425 430 442 443 458 466 470 524 525
836
1 6 29 72 81 86 110 115 119 121 125 133 137 138 150 176 184 187 193 209 235 240 245 247 254 256 281 284 285 314 329 331 332 335 345 355 361 399 400 408 433 439 457 470 475 480 484 485 486 489 500 509 516
295
9 28 47 53 59 75 78 85 86 87 93 96 97 98 103 110 113 143 156 167 180 188 202 207 234 237 257 261 267 273 288 303 310 314 338 352 361 368 379 383 396 406 409 412 413 415 429 452 471 473 475 482 501 507
932
5 38 43 52 54 60 62 65 90 109 124 139 140 146 165 167 174 205 206 233 246 251 285 325 334 338 344 390 392 399 420 440 465 469 481 482 491 501 510 514 524
813
2 4 10 13 21 28 51 53 61 70 88 98 119 138 139 156 158 165 170 233 237 247 249 276 294 314 326 333 335 336 344 370 382 411 416 422 424 428 434 442 476 492
990
4 6 11 24 26 30 36 42 57 63 108 112 119 121 127 130 146 169 171 197 199 202 218 219 240 242 244 249 251 262 278 280 305 306 313 316 326 339 350 357 360 397 429 442 445 455 462 470 472 497 511 512 517
404
13 19 27 30 42 44 53 71 73 74 81 98 108 115 123 124 136 148 154 167 180 187 188 207 215 220 235 246 266 273 281 282 284 296 298 301 304 325 326 336 341 374 383 386 395 402 407 421 425 430 443 460 463 469 485 488 499
281
20 42 51 74 84 91 94 126 127 131 146 150 152 155 160 164 176 190 204 235 245 249 253 311 312 339 340 342 365 371 375 407 414 423 424 442 449 460 476 489 495 496 508
778
25 42 56 58 68 77 90 92 96 111 117 119 124 125 132 136 138 150 156 166 167 179 183 200 201 213 223 246 261 270 276 281 283 305 320 321 340 348 356 358 363 371 381 384 390 407 416 423 428 430 431 435 447 458 492 500 512 519 522
151
19 25 36 57 62 76 91 98 104 107 120 154 158 159 170 187 211 224 225 230 241 250 255 256 264 265 285 287 295 310 312 313 326 327 330 342 350 355 356 363 364 368 436 441 446 469 470 480
598
4 21 23 31 32 62 64 69 78 103 121 124 127 131 135 143 148 158 189 213 218 220 223 231 237 247 253 256 268 275 297 318 322 339 348 350 357 380 381 408 410 415 436 441 476 481 499 504 508 520 526
254
22 23 28 50 60 61 86 105 120 123 124 150 182 184 185 195 196 208 223 225 240 242 261 264 288 297 304 314 330 355 369 372 375 378 381 385 388 389 406 410 416 422 430 450 462 472 477 478 482 484 485 492 494 520
931
12 15 41 43 55 60 61 75 104 106 116 120 124 154 159 184 196 200 201 206 209 220 224 229 262 263 265 268 274 281 285 289 290 301 310 320 335 336 341 347 355 374 392 402 405 427 434 446 459 460 470 482 488 501 511 519 525
162
7 8 13 15 37 64 71 78 83 96 97 112 120 134 151 155 156 157 168 169 175 181 184 192 195 198 204 213 225 229 231 236 239 240 246 251 254 261 262 265 289 296 306 323 328 339 368 386 406 409 412 419 427 433 463 465 475 509
222
4 16 19 23 30 44 46 50 63 67 69 85 110 115 125 131 132 141 142 149 157 163 172 173 202 218 232 233 248 254 286 298 306 309 314 332 338 342 358 359 402 429 449 462 484 495 500 503 513
83
6 13 16 20 22 23 26 32 38 52 58 88 92 97 100 128 132 136 140 147 160 161 170 185 193 220 223 229 232 248 253 263 280 281 299 304 329 340 345 360 368 372 380 389 399 408 422 432 433 435 446 456 457 461 477 490 493 522
878
2 4 8 14 38 43 49 52 62 93 117 124 143 147 155 162 180 207 212 231 240 250 254 281 292 300 315 332 339 355 358 389 391 392 393 416 417 425 432 433 436 445 453 473 477 486 490 499 510 514
339
7 11 12 44 68 71 103 117 124 141 145 171 174 200 206 211 226 240 251 258 272 287 293 305 309 313 318 337 354 357 363 409 411 428 430 436 446 450 457 464 465 466 467 470 473 496 500 502 510
523
7 16 18 19 31 32 34 39 54 67 76 77 78 93 103 110 112 131 154 176 185 187 195 224 226 232 246 265 286 287 298 302 305 325 336 365 366 370 396 404 439 461 469 472 473 474 494 502
725
5 6 7 19 35 38 48 51 54 56 62 70 74 92 97 119 131 147 148 160 168 169 186 216 227 231 237 242 255 256 266 267 335 336 342 344 359 371 380 385 404 413 473 474 496 498 510 511 518 524
424
35 37 54 56 74 75 76 82 83 109 124 131 134 142 149 171 173 183 190 248 255 269 274 276 283 291 328 341 353 354 376 397 403 415 422 429 430 442 466 478 481 503 522 525
344
13 16 21 28 37 39 42 43 50 58 60 62 63 77 81 95 100 103 115 122 137 140 154 173 194 195 201 214 221 227 229 241 254 273 285 296 301 335 338 350 387 408 422 426 436 444 453 467 478 502 503 510 519 525 526
900
3 8 18 19 30 43 62 72 78 89 97 105 116 128 133 138 145 148 199 201 203 206 209 217 229 235 245 262 305 319 334 340 350 353 377 395 403 411 412 414 422 427 435 445 454 455 459 493 501 508 516
716
3 4 23 24 33 49 63 85 91 98 102 105 110 111 125 127 128 135 142 147 154 166 174 177 185 188 189 253 271 275 280 286 287 295 318 319 331 335 339 344 345 346 365 385 388 389 416 429 432 441 450 485 493 504
674
29 35 53 58 68 75 77 86 88 94 102 103 106 108 113 115 118 133 135 140 152 158 161 172 187 198 224 228 233 235 237 246 249 263 269 271 274 280 285 290 294 309 321 322 330 333 339 358 364 391 394 403 404 405 451 455 463 466 467 471 474 476 480 486 487 509 521 526
872
32 41 57 66 68 72 82 91 113 114 116 119 128 131 133 138 142 148 154 180 188 191 207 219 225 231 241 273 280 287 300 318 323 345 347 351 353 360 380 383 390 391 413 415 416 426 431 435 438 443 463 468 476 485 491 511 524
588
32 50 70 80 87 119 120 123 140 145 149 158 161 184 186 194 209 224 233 234 236 252 263 268 273 274 285 286 293 301 311 320 322 340 345 346 376 393 409 425 451 464 470 472 478 479 485 489 496 501 512 519
579
51 75 83 85 110 111 121 130 134 145 147 151 164 165 171 177 200 205 206 210 217 219 220 246 254 268 273 277 296 306 315 325 331 332 356 359 365 374 380 390 393 394 401 403 419 424 440 444 455 459 472 478 505 506 512 517
600
8 12 15 20 30 59 61 63 66 97 107 128 140 148 167 169 174 183 206 207 214 217 225 242 243 245 268 284 286 290 294 316 330 333 337 347 351 358 370 388 394 396 406 410 417 420 427 438 441 446 474 477 482 496 515 521 526
284
15 22 28 29 35 41 53 84 86 124 126 127 132 141 142 164 172 203 211 215 218 241 246 260 263 277 281 289 298 299 303 305 314 317 318 353 367 369 376 385 401 403 407 420 433 438 453 459 461 463 471 489 499 504 510 519 524
413
3 36 53 54 61 89 91 113 127 128 131 137 138 141 153 154 156 160 171 175 182 190 194 197 210 234 245 246 261 267 272 291 298 302 308 315 345 347 350 353 358 372 374 382 392 402 408 430 433 434 440 447 450 452 456 478 482
472
17 27 28 64 89 99 124 129 163 165 184 186 192 209 217 227 232 235 239 250 257 282 290 298 302 306 309 311 321 324 351 352 355 368 369 375 390 407 415 424 436 443 460 465 478 486 499 500 517 519
355
7 27 34 37 46 51 53 97 112 121 141 154 159 166 186 189 196 197 202 221 222 257 265 266 277 321 329 337 360 369 371 382 388 399 405 413 442 468 476 480 495 503 504 511 512
771
9 23 37 39 44 60 62 64 70 73 82 88 96 98 103 109 113 141 147 152 154 155 173 176 185 192 210 227 235 264 265 272 276 291 303 309 317 318 319 324 326 328 348 353 377 381 383 385 387 388 400 404 427 437 442 443 464 466 475 480 498 505 506 508 509 511 514 516
817
4 7 15 17 20 29 34 37 56 70 94 97 116 127 146 149 150 173 176 177 181 184 191 193 220 228 238 259 291 314 320 332 336 343 367 411 434 445 446 447 450 451 463 468 473 475 482 485 493 498 512 521 524
725
3 11 26 28 29 34 36 41 46 48 50 51 58 62 63 76 87 103 104 128 132 134 143 146 152 167 175 183 192 195 200 204 209 211 221 246 255 264 267 278 289 306 311 321 329 338 352 371 372 374 394 396 401 421 429 438 457 475 483 494 495 496 497 505 519 521
425
5 21 22 45 59 71 82 97 115 121 130 131 137 145 168 187 217 226 229 230 263 267 270 271 283 293 313 314 326 327 337 346 361 365 375 383 390 401 406 415 422 437 438 440 450 454 455 468 469 476 483 487 497 500 506 512 518 525
657
16 38 48 50 62 77 89 95 98 110 112 136 140 141 143 151 154 155 158 189 195 196 200 204 211 212 235 276 284 291 294 303 341 366 368 376 385 392 405 407 410 445 449 458 473 476 478 484 489 503 509 526
94
2 3 15 16 18 40 42 43 62 67 78 97 103 126 130 136 152 158 201 205 215 216 243 268 272 293 335 343 348 352 362 363 369 370 372 377 386 399 429 433 448 451 465 483 495 508 522
109
2 8 9 15 37 72 82 92 95 101 104 105 116 120 130 133 135 155 172 191 195 203 218 219 224 231 233 234 240 247 249 266 268 273 280 281 291 294 324 330 338 340 342 350 360 393 473 474 479 481 499 508
434
1 3 6 19 23 35 42 43 54 58 69 73 89 116 130 145 146 147 154 160 166 178 189 191 196 207 212 214 229 239 246 248 261 268 274 276 296 299 319 323 327 329 342 355 356 369 374 376 384 388 397 406 409 414 422 452 462 463 468 475 506 509 513 521
178
7 17 25 37 60 81 83 94 115 119 121 146 148 168 175 181 205 209 222 227 255 262 269 272 291 292 295 297 298 306 312 314 317 324 325 336 354 355 402 417 423 427 431 441 448 456 458 472 476 478 483 484 495 523
737
22 39 70 71 72 73 75 85 96 104 110 124 136 155 163 168 172 181 245 268 272 274 276 281 292 293 295 306 316 347 348 359 363 387 388 422 430 432 445 464 478 483 485 488 492 495 496 504
570
7 30 40 71 73 78 79 83 104 109 115 129 134 147 151 153 160 176 182 191 194 203 204 212 215 232 265 271 284 294 296 302 303 308 317 320 330 344 349 351 354 360 361 362 364 370 372 398 403 416 421 430 436 455 472 479 486 487 492 493 504 516 525
333
2 20 22 46 57 63 70 88 99 100 136 139 143 149 159 164 171 172 200 214 233 248 255 257 263 270 276 286 298 312 333 335 337 345 349 370 378 398 408 410 413 419 430 444 447 465 467 478 481 491 498 509
276
3 6 10 19 43 57 60 64 72 84 86 87 106 136 149 163 185 192 200 216 217 235 240 245 247 253 259 273 281 290 308 309 326 330 344 346 350 354 361 376 393 399 405 419 423 445 447 449 458 459 477 489 492 493 519 521
525
5 21 25 33 54 77 93 95 106 121 125 166 170 176 189 191 193 204 211 217 225 237 249 264 275 295 303 334 367 371 380 390 400 419 427 430 436 438 442 443 453 456 463 465 482 495 523
702
43 57 61 63 91 99 102 130 146 153 155 156 160 161 166 171 208 209 221 232 239 258 266 291 322 331 339 348 358 379 388 389 390 400 443 449 451 457 469 495 498 504 517 523
219
14 27 36 53 72 75 85 97 106 112 114 130 132 133 140 154 164 168 169 203 214 216 217 218 224 231 234 238 248 251 263 272 284 290 300 310 321 322 331 337 341 343 345 358 368 402 404 406 432 453 456 458 468 488 495 501 503 512 517 525
275
10 12 14 23 37 43 61 63 73 75 76 79 81 92 101 106 123 126 149 154 170 190 210 214 217 218 222 224 237 256 259 263 265 282 309 314 317 348 350 362 369 376 386 390 397 399 438 444 446 457 461 463 464 467 498 500 504 509 521
244
8 15 22 24 40 46 51 73 96 111 122 123 133 136 144 152 155 156 157 164 166 182 185 199 219 232 234 256 257 268 269 281 284 285 294 301 305 315 316 317 330 416 435 457 458 465 484 492 520
577
2 4 5 20 21 40 43 60 76 97 98 106 126 130 157 158 161 164 185 199 202 204 215 217 228 232 237 240 257 263 274 282 298 299 307 308 310 311 324 327 339 341 366 378 382 405 413 414 423 449 459 466 489 490 491 493 495 503 521
451
5 9 27 37 40 43 64 66 77 80 86 88 99 104 136 137 139 142 145 150 157 175 180 211 226 240 247 253 291 305 312 322 331 333 354 375 390 403 409 419 431 447 448 464 468 472 475 510 512 513 521 524
849
24 25 33 76 87 100 103 107 113 117 137 175 178 184 189 192 197 218 226 229 244 248 269 285 295 303 306 320 330 352 366 389 404 409 410 420 461 469 475 476 518
838
10 16 20 28 52 57 60 67 87 91 94 107 109 110 112 113 116 132 143 158 174 182 196 210 217 246 252 256 271 274 280 284 298 307 336 346 369 373 378 390 397 400 403 409 420 428 467 470 471 485 493 507
883
21 25 31 35 41 58 60 66 77 91 97 115 126 141 146 151 153 159 192 202 211 212 232 236 241 246 262 275 285 287 291 294 341 343 353 394 399 411 427 429 512 513 517
774
6 18 23 34 37 39 59 70 91 98 117 124 133 135 137 143 156 166 167 208 215 230 252 259 261 265 266 279 282 297 317 319 338 339 351 356 357 359 370 371 373 381 384 391 397 436 437 459 462 463 464 494 516 517 525
117
38 47 58 81 89 105 121 133 142 154 177 183 187 193 199 241 304 308 332 333 337 362 368 369 373 381 401 412 423 426 456 459 466 471 479 483 507 512 514 515 518
488
14 59 69 80 98 105 115 120 138 149 152 165 169 176 193 201 202 243 254 259 265 268 274 287 317 324 325 339 344 378 387 401 423 436 474 479 480 485 506 523 524
666
13 21 33 38 55 61 66 72 73 77 86 94 98 111 112 117 118 152 159 165 172 176 187 200 206 218 222 250 253 256 274 275 285 314 333 350 364 366 379 394 396 400 403 413 424 426 437 440 457 460 468 472 478 509 519 525
205
23 26 27 45 47 51 74 76 83 88 94 95 107 109 116 129 170 176 188 190 193 195 221 229 243 248 256 259 267 277 282 288 290 292 311 312 325 329 336 346 371 376 380 382 393 395 410 425 461 466 467 477 489 494 506 509 511 512 524 525
450
6 9 17 28 54 55 67 73 75 80 89 99 100 102 120 123 130 131 151 172 184 189 198 207 227 235 245 266 293 298 302 310 312 334 343 345 349 350 353 357 400 402 408 417 419 421 423 425 432 441 446 449 474 483 485 503 506 507 508 511 514 516 518 519 521 524
32
4 17 20 24 27 34 42 70 73 99 104 112 141 147 160 162 166 167 181 198 221 224 235 243 246 265 271 272 280 289 294 298 316 323 328 331 338 341 344 358 372 383 396 397 454 462 466 490 504 510 517 524
573
15 61 64 68 75 94 138 141 147 149 150 151 158 159 177 178 227 232 233 235 243 253 256 272 277 297 304 310 312 321 334 338 345 348 351 365 379 406 414 423 426 443 457 462 463 501 510 519
352
6 8 33 40 44 70 77 81 89 94 98 104 122 136 139 157 191 195 200 203 205 247 249 252 255 265 267 281 283 295 341 344 350 353 359 366 369 379 382 384 405 406 418 419 423 450 453 459 461 474 481 483 507
739
1 2 3 16 30 37 39 48 60 68 75 77 86 91 92 108 125 145 175 193 200 202 203 213 222 223 225 227 234 245 251 252 258 262 270 278 285 294 316 321 328 336 345 348 355 358 361 365 375 387 396 425 433 435 461 467 478 491 509
311
3 13 17 44 49 53 57 60 70 78 89 92 97 112 117 119 132 146 148 149 162 163 166 186 187 194 197 210 238 268 284 290 295 306 331 333 352 361 364 365 378 391 392 433 438 443 444 448 458 475 480 503 504 507
801
5 7 8 12 15 19 23 29 42 45 49 51 96 100 101 123 124 135 145 148 156 167 173 174 182 186 199 233 270 277 283 284 289 304 321 334 341 342 343 347 357 358 373 376 414 421 426 430 437 442 446 451 457 469 483 487 500 502 503 513 515 525
968
8 23 33 36 44 52 62 68 79 118 119 125 129 133 137 146 159 160 161 164 188 195 198 207 210 236 247 253 256 263 274 285 293 294 309 344 347 350 351 355 360 388 391 399 414 415 418 427 443 447 454 475 480 506
709
12 17 24 33 37 39 53 60 61 64 87 117 138 144 148 159 164 195 199 201 203 207 210 217 219 236 245 249 259 273 284 291 312 314 317 319 334 338 347 357 361 389 399 435 440 454 457 460 496 524 525
534
44 47 82 97 99 107 116 128 142 146 147 148 166 190 214 223 262 263 265 269 274 292 301 302 305 317 327 337 342 348 353 368 387 391 426 427 439 443 446 455 477 480 488 506 514
884
7 18 23 35 43 45 56 67 72 76 77 87 92 130 132 137 140 148 162 166 185 189 207 222 227 234 241 243 247 263 273 276 307 314 321 322 331 332 335 352 355 360 367 422 423 427 430 438 451 452 466 472 473 485 489 490 516 523
545
11 14 23 37 43 55 62 66 76 80 88 94 111 112 118 146 150 151 163 173 176 177 183 184 202 208 220 222 226 235 236 238 249 255 271 273 285 288 295 311 321 327 333 337 341 383 417 424 437 449 457 459 467 468 482 509 511 515 516
117
22 42 54 61 87 91 98 112 120 121 126 143 145 164 189 206 218 221 226 244 259 267 272 275 307 340 348 353 354 369 371 396 400 409 422 424 428 436 445 446 461 465 467 471 472 477 484 486 495 525
405
7 22 63 96 103 126 132 134 139 150 151 161 164 167 172 178 196 199 209 213 222 225 227 243 251 253 262 295 299 305 307 308 312 314 317 337 344 350 368 375 405 408 418 430 433 439 452 454 455 473 482 487 489 490
56
20 34 37 47 50 53 58 75 102 109 119 121 124 132 144 145 147 148 165 175 197 210 221 226 236 248 259 269 275 289 290 294 313 321 336 349 350 362 381 385 388 401 402 410 431 452 457 476 491 513
721
23 34 39 52 61 65 71 73 113 116 122 137 152 166 168 170 171 187 196 200 211 217 221 222 235 236 255 263 264 267 288 291 300 304 313 314 317 320 332 356 365 379 381 389 411 414 424 430 436 446 454 461 463 467 470 483 490 494 512 515
628
14 41 48 54 60 66 76 82 84 88 90 112 120 136 138 145 146 154 165 184 199 200 211 215 251 282 291 294 303 307 311 318 347 351 356 365 372 374 388 398 403 416 423 432 441 443 447 461 488 512
872
4 18 20 26 32 49 78 81 88 95 102 104 115 116 119 123 136 170 184 186 194 199 206 208 211 217 221 246 251 261 273 277 279 286 308 315 327 334 348 360 383 412 428 429 435 454 462 468 478 486 508 520
186
4 17 18 23 37 48 49 56 58 61 66 70 86 91 92 104 109 112 134 135 142 175 176 198 199 254 256 260 267 269 286 319 341 342 376 383 390 444 464 473 488 490 495 499 516 522
605
14 27 33 44 48 59 63 67 81 87 92 93 96 97 100 106 168 172 183 190 199 213 227 239 245 246 263 270 274 276 305 330 333 336 362 377 378 381 384 390 406 407 410 413 420 429 438 440 453 460 469 477 478 504 510
537
1 2 3 4 13 20 21 38 44 53 56 58 64 65 67 68 82 88 90 97 98 113 124 149 150 154 163 166 169 181 183 188 189 194 224 226 228 249 256 263 272 316 369 376 382 403 418 426 438 443 444 469 487 498 509 515 526
252
14 31 35 42 51 55 72 74 81 82 86 101 112 115 124 128 133 151 156 166 167 179 199 210 231 238 244 245 256 280 292 311 319 340 346 355 359 364 365 371 374 437 445 451 474 477
155
11 16 17 18 23 41 51 58 61 66 78 89 91 93 121 135 139 144 147 152 157 163 171 172 206 208 210 212 216 220 235 248 258 260 273 286 298 302 315 338 379 406 426 429 454 465 479 493 509 513 515 520 521
797
8 27 39 40 49 86 98 100 128 152 154 155 172 179 184 198 220 233 252 257 263 267 270 278 284 285 287 302 308 315 318 321 328 331 333 337 354 357 361 372 408 419 424 436 437 445 448 456 463 477 481 484 497 505 506 507 522
573
17 23 34 46 64 95 118 137 147 149 153 182 186 198 200 219 250 256 262 304 305 310 321 324 341 365 378 379 400 442 450 457 458 461 473 482 484 485 494 502 521 524
962
23 33 40 46 58 63 70 74 83 88 108 115 126 127 133 136 158 169 190 197 201 204 205 214 216 217 229 230 234 240 254 259 261 275 278 279 281 285 305 307 325 332 334 335 341 355 366 385 399 406 414 417 418 422 423 424 439 446 453 456 457 459 464 469 473 474 476 484 512
519
17 29 31 37 42 44 45 55 82 97 101 112 132 138 146 150 155 168 175 181 192 198 208 227 232 248 260 265 279 299 319 330 335 341 366 377 383 402 407 411 422 433 439 442 449 452 453 456 461 473 483 486 511 520
324
4 9 22 31 62 69 81 90 91 107 112 116 117 125 128 164 170 180 203 213 221 222 228 236 241 249 252 260 292 295 308 309 343 366 384 393 401 403 410 415 418 420 434 453 455 475 502 522
900
5 25 26 27 28 31 47 56 58 60 64 67 68 69 75 81 96 124 125 126 128 139 157 161 165 166 177 181 189 191 208 222 232 235 268 272 278 290 297 299 300 324 330 348 349 357 360 368 374 375 376 378 385 386 389 393 395 404 409 414 431 443 447 464 498 507 514
850
25 29 44 65 74 86 93 99 105 107 137 147 180 184 192 200 207 212 223 236 240 248 250 267 273 278 291 292 305 306 311 335 336 337 342 351 360 373 375 401 410 414 416 426 466 485 501 510 524
196
6 17 18 23 29 47 54 69 73 81 98 101 107 115 127 138 139 141 147 161 196 202 203 227 230 246 256 285 295 299 300 322 327 334 340 367 370 378 389 410 412 419 421 427 434 438 447 449 450 452 457 466 472 475 476 488 490 491 506
198
3 14 16 18 36 44 49 62 98 99 107 109 125 130 134 135 138 150 157 158 162 178 201 205 214 216 232 244 249 253 273 277 282 285 291 303 319 326 335 337 348 356 358 365 366 367 370 380 388 391 395 403 426 430 440 450 451 467 484 491 502 512 524
210
7 19 30 41 62 71 85 95 97 98 105 139 145 151 159 160 176 200 215 220 271 306 313 324 331 338 356 362 366 375 411 423 460 475 477 490 492 502 516 522
506
1 23 49 61 67 74 79 86 90 101 110 121 136 149 154 155 161 164 169 184 188 189 198 203 207 209 234 255 256 262 265 269 275 300 308 318 325 326 336 352 363 371 377 400 408 410 414 415 429 460 463 467 469 472 479 488 489 493 497 504 505
693
15 17 54 85 94 95 108 118 129 147 148 154 184 195 199 200 207 219 223 252 253 260 278 289 294 307 318 347 349 352 357 375 387 404 418 419 422 435 439 450 466 486 496 502 510
780
3 5 16 30 32 34 40 57 66 68 69 70 76 85 90 108 140 152 153 154 167 181 185 203 214 230 236 244 253 267 269 273 290 292 294 315 318 323 338 343 349 354 362 389 391 417 431 432 434 443 448 449 457 469 477 484 505 506 508 512 515 517 519
132
5 7 15 22 31 32 69 80 87 109 114 120 129 148 157 158 164 181 183 188 189 196 209 213 222 226 235 239 241 246 257 267 276 281 299 303 307 312 314 316 323 326 339 341 353 358 359 376 378 379 386 387 397 403 404 405 407 408 409 424 429 433 440 445 457 463 469 489 500 507 510
624
4 38 46 50 52 53 60 73 76 93 115 119 132 142 145 163 169 171 174 181 182 205 220 226 231 239 245 254 269 270 275 305 309 326 330 334 342 367 373 392 395 400 411 444 459 481 485 487 498 504 511 518 519 520
384
16 17 24 25 31 53 60 62 64 79 122 123 140 150 168 179 184 195 198 212 216 222 227 255 268 299 301 304 323 334 338 368 374 385 388 392 393 394 399 401 431 442 448 457 461 469 502 507 518 522
699
11 14 32 41 48 62 71 77 78 87 90 91 96 98 136 137 150 161 181 194 200 216 217 220 221 223 225 231 244 247 254 266 271 298 310 312 340 355 356 358 362 379 389 421 451 452 467 485 488 499 503 520 521
225
3 11 12 23 36 45 48 58 63 78 92 93 106 154 165 174 182 193 210 212 218 222 224 226 230 239 260 271 285 299 308 316 325 330 334 338 346 349 359 368 373 386 388 394 395 415 416 420 428 441 445 481 488 498 499 513 515 516
101
8 16 17 21 26 33 35 43 45 66 70 73 80 86 93 102 112 124 142 184 193 194 199 209 210 224 226 246 255 299 302 329 333 345 346 350 359 374 378 390 397 420 432 439 445 454 518 523
892
2 4 5 12 25 29 30 70 112 116 128 139 159 172 200 204 215 217 231 234 235 239 259 262 264 267 268 281 297 322 328 329 349 359 371 377 389 391 392 393 398 421 428 435 451 455 466 473 476 479 485 507
173
13 18 37 47 57 67 72 76 84 86 102 103 108 110 112 114 136 138 146 147 148 160 162 172 201 206 219 225 230 257 260 265 268 270 276 285 306 314 315 342 359 364 389 395 405 411 424 428 429 431 445 451 455 456 458 466 468 478 493 504 506 508 510 514 517 525
608
20 33 35 38 41 47 50 51 55 58 68 94 95 138 143 152 169 175 176 183 184 191 194 195 199 211 236 241 244 251 255 264 269 277 297 303 310 311 322 334 369 391 393 408 410 411 413 430 462 465 472 487 488 491 505 507 509 514 518
187
7 21 33 36 47 52 61 73 83 105 113 122 123 135 140 159 168 171 182 192 197 207 211 221 225 232 239 245 253 259 277 287 295 318 320 333 345 353 369 388 398 427 442 451 473 475 478 498 508 525
406
2 30 45 67 81 88 93 99 102 103 122 128 140 143 144 146 154 169 173 193 212 220 253 259 262 279 290 291 294 304 308 315 321 341 353 366 375 377 379 386 389 390 391 392 406 422 428 440 452 464 468 480 481 495 500 521 522
190
11 28 30 32 35 47 62 77 78 97 102 141 142 153 172 175 186 192 198 204 212 216 225 228 238 244 252 264 268 271 276 279 289 300 319 321 325 374 387 393 405 408 411 415 428 454 464 467 469 472 477 483 485 498 500 502
915
8 22 37 41 47 55 64 92 121 137 139 141 150 152 184 199 212 220 221 227 231 239 249 276 284 315 317 334 341 355 364 376 380 385 388 401 408 423 424 453 456 460 469 475 477 480 488 502 507 513
433
11 13 17 26 34 48 55 59 64 68 87 109 114 153 165 172 180 190 215 220 222 229 230 234 246 253 296 311 321 323 328 329 334 339 343 356 357 371 386 396 397 410 413 432 446 452 458 462 477 488 489 491 492 493 496 500 509 515 516 520 526
893
7 15 19 31 37 55 60 61 66 75 85 109 117 118 125 126 130 140 145 154 171 174 177 182 188 190 198 206 212 222 239 247 249 257 260 288 294 310 321 333 346 347 356 373 377 383 384 398 463 469 484 510
690
10 14 15 17 33 34 48 50 85 95 98 114 122 149 151 162 165 197 198 207 210 228 236 242 252 262 279 283 287 309 313 314 327 339 365 369 375 386 432 445 447 449 456 459 463 486 487 495 505 507
747
8 19 35 42 69 85 94 99 103 108 109 110 115 124 134 151 154 202 218 219 230 245 264 269 285 287 291 292 346 361 378 379 380 383 398 409 414 416 419 434 437 438 448 476 494 496 507 512 521
980
4 13 22 53 69 98 108 125 129 137 139 150 157 168 186 196 220 239 241 245 285 293 299 301 336 338 340 359 400 407 418 452 457 460 462 492 504 522
973
1 17 18 21 40 52 53 54 60 87 93 98 100 102 114 130 153 164 172 227 228 238 245 256 273 313 326 336 337 338 342 365 366 370 385 398 405 413 442 444 469 480 485 491 493 499 505 509 519
133
5 11 30 37 40 41 50 55 64 65 70 74 84 104 105 128 131 134 151 161 162 166 167 170 171 176 188 197 200 205 220 227 243 251 263 271 274 283 304 307 308 309 314 319 323 328 335 338 354 355 364 370 372 376 377 388 389 391 395 397 399 402 413 419 420 422 426 454 458 459 481 482 488 496 520 522
334
5 10 11 14 27 29 33 37 41 44 46 48 54 60 64 70 85 89 96 104 114 119 148 158 173 182 211 217 233 249 254 262 263 269 294 325 329 334 358 374 386 390 402 406 413 424 427 441 453 457 473 478 490 492 499 515 524
809
5 31 37 46 47 61 63 64 69 79 85 87 99 102 105 119 135 145 158 170 180 181 186 198 207 212 225 241 243 258 259 296 305 308 310 312 319 329 386 387 402 406 418 432 434 450 451 452 454 461 478 504 507 509 517
705
55 56 66 91 95 109 124 126 133 137 162 163 166 180 199 209 219 225 229 258 259 298 307 311 323 336 338 343 355 356 376 394 397 404 413 433 434 443 490 492 499 503 506 508 520 521
381
2 13 31 37 43 45 49 50 56 61 89 93 96 97 99 116 119 135 151 153 160 176 187 193 196 208 212 223 238 256 257 259 266 296 307 310 318 359 368 383 392 397 411 420 440 447 451 462 465 469 474 475 478 487 488 497 500 501 505 506
943
5 15 25 33 45 88 90 95 97 106 109 110 115 119 121 127 133 136 145 147 157 160 169 177 182 189 196 200 219 231 246 260 271 296 306 317 323 324 341 352 353 361 407 408 415 419 421 423 432 433 459 465 472 490 506 514 516 519 521 524 525
922
6 11 13 16 20 22 27 30 59 63 118 129 132 140 143 144 148 163 171 172 174 180 185 205 220 222 227 228 267 268 287 307 312 326 332 334 360 373 407 418 439 448 452 455 460 468 475 479 489 491 495 502 512 514 515
540
30 36 65 84 100 104 115 130 131 137 142 145 161 164 169 174 183 194 198 223 237 247 253 263 269 281 284 294 295 303 314 330 358 363 367 376 389 391 402 403 415 424 447 451 462 469 470 472 487 517
172
18 26 29 35 36 41 46 53 60 61 69 79 103 114 144 151 152 164 170 207 219 256 258 262 271 279 285 287 297 300 316 322 334 343 348 349 361 373 410 416 429 435 438 443 450 457 465 482 491 501 506 509
381
22 30 43 66 81 98 106 109 114 118 120 130 132 138 153 162 167 181 183 204 205 211 212 213 220 233 238 240 249 262 285 306 315 318 329 330 332 355 357 363 382 405 406 409 414 425 446 453 456 467 468 481 482 497 507
246
21 29 34 40 45 55 62 75 76 79 90 102 105 114 117 120 133 134 139 142 143 193 194 203 209 217 219 228 269 271 277 282 317 335 339 345 348 349 351 358 370 375 378 392 396 407 415 419 424 433 439 457 462 467 484 492 500 501 506 509 518 524 525
906
9 11 14 16 26 45 71 87 93 95 105 115 138 148 184 185 187 188 189 196 208 229 254 256 268 271 274 275 276 285 286 304 309 314 319 332 341 342 363 372 382 392 401 409 416 449 476 483 485 487 488 491 494 506 515
905
6 20 33 38 43 48 52 62 67 95 107 112 135 149 150 154 159 163 203 212 218 219 222 240 248 265 268 292 306 308 317 324 334 338 345 351 352 370 378 379 381 385 386 389 402 416 417 424 433 436 444 457 469 487 509 510 516
270
4 24 28 47 54 61 78 107 142 143 147 161 181 200 209 239 240 248 250 264 274 276 277 290 295 299 304 319 345 349 351 353 358 381 382 424 426 440 441 443 444 449 451 455 465 472 480 483 490 495 518
469
9 14 27 38 55 56 66 78 85 100 101 104 113 120 122 152 165 171 188 208 214 235 236 264 283 304 329 335 337 338 343 360 361 370 389 401 417 424 457 463 471 479 480 495 512 516 517
969
27 34 45 51 61 72 75 81 98 105 111 114 115 117 126 142 164 178 197 204 206 213 216 229 238 243 245 252 254 280 284 292 298 299 310 330 331 333 336 339 368 380 384 387 388 400 408 411 428 431 438 445 452 481 486 494 496 505 526
776
12 13 20 28 29 30 44 46 47 65 79 99 113 119 128 132 143 145 190 193 198 199 217 219 220 225 251 282 283 288 289 294 317 335 343 349 351 365 366 369 383 384 391 404 406 408 409 412 416 422 431 438 441 452 457 461 472 473 475 487 501 505 526
597
5 40 66 74 79 80 82 111 114 116 120 122 133 152 198 202 206 210 228 242 244 253 254 265 267 273 274 283 291 303 309 312 325 329 341 370 373 377 386 403 405 408 434 439 442 455 458 478 487 493 507
418
33 47 99 111 124 133 134 142 150 151 160 167 174 176 181 187 203 208 221 232 234 254 258 276 282 296 302 304 307 320 324 327 328 335 339 344 362 366 381 398 415 417 428 429 431 434 440 451 453 455 473 477 495 498 499 515
470
13 16 24 37 47 48 50 53 59 62 82 86 91 95 107 116 117 127 149 157 159 167 170 190 193 195 205 212 226 232 257 283 285 291 318 319 322 335 348 360 363 381 394 399 405 409 421 422 431 438 455 465 466 470 473 490 497 501 505 511 513 515 522
831
6 9 12 29 43 55 65 90 104 121 125 137 163 176 205 207 216 217 220 232 244 250 254 272 275 282 297 298 305 328 351 352 353 356 365 371 407 423 437 440 443 460 465 475 483 499 503 510 513 514 526
145
3 5 14 18 19 20 28 29 45 59 60 76 83 86 91 98 104 105 124 127 153 174 184 185 198 219 226 264 283 291 323 329 336 358 382 387 398 414 433 435 440 444 459 462 475 480 504 506 508
762
18 30 31 38 44 49 56 79 87 90 93 97 117 165 168 195 205 212 220 227 242 248 259 264 288 293 300 317 336 344 368 395 396 398 402 429 438 453 463 471 477 482 489 492
357
1 4 6 10 22 39 53 55 60 70 72 92 100 133 137 162 166 179 185 203 231 237 244 262 263 286 296 299 327 330 339 352 362 365 367 378 389 390 391 393 397 406 409 428 429 437 439 453 455 464 470 490 501 508 509 511 512 518
667
15 18 31 39 53 59 63 75 79 82 99 104 123 178 180 188 206 208 211 212 213 218 225 228 234 256 269 273 279 285 288 300 303 307 327 342 356 357 375 406 422 433 437 448 452 454 475 481 485 514
376
2 29 37 48 57 73 84 88 89 99 100 104 112 115 123 143 148 150 174 178 187 188 206 220 227 234 244 246 249 254 285 288 294 297 303 308 315 316 328 330 338 345 346 353 355 357 366 374 377 418 432 435 449 455 457 477 487 496 505 508 518 524
85
9 42 68 75 88 105 110 115 117 132 133 139 150 154 183 193 241 243 244 252 254 262 270 273 285 287 294 313 330 333 340 354 361 370 378 399 403 407 418 433 439 452 466 481 489 491 505 506 514 518 520 521
73
1 10 14 45 47 115 118 119 124 125 128 139 140 173 174 182 196 200 209 219 235 248 252 266 269 290 294 296 301 312 317 321 333 341 342 345 353 370 381 390 395 399 421 439 440 445 447 448 451 458 468 493 497
580
4 18 23 34 53 63 71 84 89 105 121 140 147 150 156 174 202 214 215 251 253 257 279 281 296 299 300 310 315 320 334 342 345 347 362 365 366 367 372 381 386 397 421 426 432 453 458 465 467 470 483 498 503 509 512
692
19 26 29 32 40 44 45 50 51 82 84 114 121 150 161 165 196 200 213 224 244 253 255 263 278 289 296 306 319 322 334 336 340 352 356 375 377 380 387 391 410 440 446 458 460 465 467 486 492 495 507 508 518 524
348
16 22 28 30 41 43 49 54 70 109 112 121 140 195 222 228 229 234 257 264 280 295 299 315 330 339 340 350 353 354 375 377 382 383 390 396 409 427 441 445 452 453 457 466 474 498 506 519 526
509
19 25 45 46 60 74 78 97 118 131 133 136 142 179 186 190 195 232 236 243 255 262 265 269 275 291 292 297 301 303 305 307 309 312 326 334 341 353 359 363 369 384 399 403 406 411 417 445 447 448 449 452 467 477 488 499 505 514 524
37
4 11 19 20 25 36 47 72 76 80 100 103 104 112 113 119 130 132 133 139 193 197 205 208 224 261 262 279 299 313 314 327 331 347 363 369 373 387 396 409 441 448 465 467 483 485 498 512 517
331
17 27 30 57 60 63 70 75 82 95 129 134 143 155 157 158 167 173 179 181 203 204 247 249 262 266 267 276 287 346 353 354 388 390 399 420 432 433 438 449 466 484 485 487 495 500 505 509 518 519 521 522
787
1 26 38 53 56 63 65 75 100 109 116 117 119 122 145 149 179 180 186 189 190 201 203 206 219 233 237 249 264 267 269 290 295 315 318 322 329 339 340 341 343 358 365 375 391 414 420 431 445 458 466 470 484 485 488 492 493 496 501 504 505 512 521
105
29 33 40 52 56 57 64 79 82 90 92 103 105 114 122 128 156 172 207 209 219 253 274 282 283 287 293 307 312 315 324 332 340 349 361 383 385 414 425 427 432 435 437 440 441 451 458 459 462 474 480 485 491 497 505 506 516
447
9 14 52 84 99 103 110 111 118 119 129 137 158 164 184 186 195 199 201 215 229 239 242 273 302 310 314 327 339 342 343 344 351 353 366 390 436 448 458 463 464 475 483 496 522
589
6 7 15 21 23 29 33 34 46 53 54 70 76 79 91 112 134 149 160 165 166 177 191 192 194 218 219 234 237 248 263 264 266 269 291 306 340 355 362 366 377 383 384 394 402 410 414 416 418 444 452 460 464 468
975
3 5 11 15 19 22 25 27 31 41 43 51 54 63 74 115 133 137 139 142 151 170 172 178 199 201 215 223 225 228 237 246 254 261 268 275 278 290 309 323 343 346 351 364 366 390 394 396 397 401 408 412 413 426 431 465 469 470 484 491 492 493 499 501 502 520 526
497
25 28 70 75 85 88 92 98 107 115 123 125 149 155 160 162 170 174 175 176 189 193 195 204 207 208 210 221 230 238 240 243 265 269 276 286 288 296 302 356 357 362 363 366 368 369 373 375 382 393 395 406 411 412 417 418 429 435 437 460 462 463 468 481 507 516 526
391
1 2 6 22 43 63 80 86 89 119 128 135 142 154 157 165 167 182 188 192 196 204 212 214 244 246 248 253 257 260 274 283 297 299 302 340 341 344 346 363 370 380 389 396 399 404 431 447 451 463 464 469 471 479 497 501 502 511 514
626
8 52 53 82 88 112 146 159 170 171 174 184 192 194 198 200 210 216 233 238 253 283 294 304 312 328 334 344 347 369 372 376 378 384 400 413 416 425 435 440 442 448 463 475 481 484 485 492 494 502
762
2 3 16 34 53 81 86 89 93 106 107 109 112 113 118 119 157 184 186 189 201 204 218 237 253 295 297 322 328 339 351 363 367 391 405 407 421 423 425 434 438 450 453 471 484 526
634
53 71 78 82 94 101 115 120 135 142 148 162 189 203 212 218 235 243 256 262 277 283 304 319 321 350 367 381 384 386 398 423 449 456 457 463 464 468 469 471 472 473 474 497 498 513 514 519
438
10 11 16 25 41 46 50 63 76 84 102 111 117 133 143 164 172 186 200 201 205 214 221 224 234 236 237 240 243 250 254 262 265 279 281 291 308 310 323 326 328 335 349 357 363 376 379 382 399 402 421 435 450 462 465 468 479 495 507 510 516
170
15 16 20 27 42 47 48 61 69 126 133 141 142 145 150 151 162 163 174 177 189 191 197 201 213 216 228 246 255 261 266 305 312 316 323 336 348 349 355 357 358 366 367 374 380 385 387 390 412 420 425 426 432 438 441 494 506 507 510 516 525
277
5 10 38 41 43 63 78 104 120 128 129 138 153 167 172 182 184 189 192 195 220 224 227 232 237 261 262 294 296 300 305 307 322 329 330 334 338 343 350 362 369 380 391 395 399 401 405 411 445 449 450 451 461 483 494 497 498 503 504 510 516
558
5 41 51 54 74 95 103 116 120 121 140 150 179 192 200 210 221 229 232 275 303 306 309 320 322 324 329 335 351 362 372 440 448 451 458 471 475 476 492 499 519
656
7 10 18 32 59 72 85 97 98 144 157 158 165 170 176 195 228 234 259 262 283 290 296 337 367 373 386 389 393 424 432 453 469 481 492 498 506 514 519
993
11 12 13 19 27 36 39 40 57 72 85 91 96 111 115 125 151 157 160 173 189 199 222 226 231 246 255 257 258 266 270 276 279 285 296 301 305 318 333 340 346 353 388 423 425 427 440 454 471 482 509 515 522 525
982
25 36 41 51 54 74 79 81 96 99 116 152 165 169 178 179 234 264 270 275 287 306 316 321 359 392 399 419 423 427 434 441 486 487 509 516 518
378
15 31 40 52 62 71 121 133 147 155 174 175 178 181 186 206 207 213 216 231 239 255 257 260 274 296 298 299 301 310 321 323 340 346 350 359 372 375 385 407 429 460 462 469 493 513 520 521
16
8 19 26 52 92 113 118 123 124 127 135 179 181 191 199 203 211 219 233 235 283 289 299 309 310 325 335 339 340 356 367 376 377 419 428 431 437 439 447 479 480 481 491 497 509
458
4 22 27 34 36 64 73 77 98 103 107 110 114 115 129 133 135 155 161 176 195 200 218 224 237 240 254 281 298 299 319 321 331 333 339 344 362 379 391 392 396 425 437 452 466 481 505 509 512 520
299
3 17 21 31 39 41 49 63 75 86 89 102 105 144 162 166 170 173 183 184 185 192 194 201 203 207 211 218 227 256 288 295 334 341 372 386 395 406 409 412 414 415 422 428 446 451 459 465 467 468 469 476 499 504 513 521 525 526
77
8 29 30 33 42 45 66 85 109 129 130 131 133 153 159 168 183 198 205 206 210 239 259 274 277 283 299 303 313 329 373 385 408 430 431 435 438 441 445 449 464 471 473 523
682
3 5 34 43 48 60 65 69 73 75 88 105 119 126 136 137 147 169 171 177 181 182 183 205 228 230 235 254 258 259 271 276 279 280 291 301 314 319 327 337 382 384 398 410 429 447 454 473 497 502 517
563
5 26 35 40 50 57 62 81 83 92 108 111 127 133 137 138 140 160 181 213 217 219 244 246 256 260 272 275 286 308 323 340 350 356 368 377 388 408 415 420 469 473 475 490 496 501 516 521 524
279
22 26 27 31 48 49 56 62 72 80 85 87 111 158 185 201 204 205 224 229 231 247 251 283 289 291 293 346 347 348 362 374 378 388 397 398 409 430 432 478 483 490 507 513
92
11 16 25 27 29 37 41 58 67 69 74 80 81 87 103 111 113 115 128 143 151 152 163 167 188 191 200 227 229 242 249 252 268 270 278 282 292 312 324 354 355 357 371 374 396 408 430 438 449 453 454 467 472 475 476 481 510 520
593
5 18 23 36 65 81 97 101 103 116 132 148 159 163 207 211 216 227 255 258 264 269 275 284 285 293 297 299 308 318 320 342 366 385 394 401 406 411 420 439 450 467 480 486 505
81
2 3 32 58 69 71 79 87 89 110 115 127 130 134 138 142 151 153 166 176 180 222 223 228 248 249 252 268 279 302 306 317 326 351 353 381 383 408 416 453 466 475 478 489 506 509
67
11 12 16 28 36 52 54 56 67 68 73 83 99 113 118 131 134 148 177 188 205 207 210 223 232 233 235 239 247 256 261 272 285 296 305 322 355 363 368 371 389 391 409 414 416 417 421 428 442 474 478 500 521
748
1 4 42 43 54 56 94 98 103 104 107 114 122 134 153 162 163 167 170 195 210 216 218 224 225 232 234 275 280 282 283 292 297 301 304 308 325 330 336 349 355 361 369 406 407 415 435 437 456 458 460 461 462 477 495 497 500 518
380
10 29 49 54 63 67 82 109 110 111 112 124 159 171 193 195 196 204 205 212 219 220 223 231 266 273 275 282 291 301 304 308 314 317 332 343 346 349 400 421 426 451 461 465 474 497 503 514 524
773
1 4 9 28 44 62 69 79 89 91 103 112 121 142 146 147 152 180 181 192 217 248 279 286 287 291 295 306 329 331 352 353 356 358 379 384 388 391 402 407 423 455 459 493 508 518
943
7 10 12 15 17 27 63 67 92 100 153 155 156 181 192 212 213 244 251 269 270 274 310 325 345 369 383 398 409 413 417 423 449 450 460 481 484 500 503 506 510 514
271
16 52 55 76 82 90 133 138 170 188 189 195 203 206 216 217 234 241 251 255 262 263 268 272 312 319 321 322 326 337 363 370 396 405 413 420 439 450 475 486 494 495 508 515
475
12 15 16 37 56 68 70 90 92 106 108 109 113 126 147 156 157 159 176 192 194 220 228 269 274 278 284 290 296 303 314 322 325 334 335 341 355 380 386 389 392 406 424 428 441 454 459 477 479 481 482 483 485 501
879
2 14 15 23 34 50 63 73 94 102 104 105 121 136 143 166 168 179 182 201 206 210 237 252 285 298 304 317 328 337 338 342 343 362 368 382 387 402 406 419 441 462 485 487 492 503 520 526
74
8 22 53 59 60 65 66 70 103 115 119 120 121 123 124 127 130 159 162 206 216 220 236 264 268 275 290 301 305 307 321 330 347 352 368 383 385 387 390 395 407 445 447 480 512
138
3 13 24 35 38 41 56 66 82 97 104 106 119 132 133 138 141 145 164 186 192 202 217 220 235 239 275 281 290 299 310 312 314 332 342 343 350 355 358 361 364 368 371 387 389 391 398 404 406 407 410 413 430 450 453 458 471 473 476 477 478 487 491 497 505 525
648
3 5 14 23 25 42 49 50 52 64 66 79 81 93 103 113 114 119 121 132 134 136 137 148 168 173 186 200 206 214 220 234 251 256 279 298 305 307 343 363 367 372 384 386 422 423 431 448 449 450 459 509 520
153
8 10 28 29 36 39 64 68 75 76 93 96 105 109 112 139 143 146 148 194 199 206 214 216 219 234 245 257 264 268 269 294 295 299 300 319 337 359 367 374 389 408 418 423 428 454 464 465 486 505 506
278
4 5 10 20 25 32 54 63 68 76 99 102 107 109 116 123 129 130 131 134 162 174 188 202 207 243 259 278 281 313 315 328 332 341 362 365 369 389 404 414 415 417 423 438 450 469 482 488 503 509 516
421
4 16 21 30 60 64 93 108 124 126 132 144 150 157 170 181 197 198 199 202 223 270 273 287 295 309 316 332 342 365 382 393 407 423 433 439 442 449 451 495 496 516
306
10 13 17 35 40 49 64 69 121 127 128 138 139 141 155 166 171 178 179 191 194 210 212 217 235 245 252 257 259 274 281 283 288 295 301 305 311 327 344 367 377 381 402 404 414 449 460 461 470 479 486 488 489 495 498 509 513 522
775
9 17 27 33 37 51 64 74 84 92 95 109 119 122 125 128 132 139 142 151 162 163 165 183 191 196 214 217 234 264 270 276 278 289 300 308 321 337 351 360 368 372 373 378 401 470 471 483 495 510 512
505
12 13 14 21 32 37 46 48 97 117 126 131 148 150 155 160 166 196 199 207 209 222 227 247 263 280 300 343 350 355 358 362 370 407 410 413 414 415 420 421 431 432 440 455 465 472 477 483 486 488 521
349
27 38 49 50 59 71 73 90 92 102 119 130 131 159 180 184 191 196 198 217 222 234 258 268 271 292 293 297 303 312 315 324 331 340 346 347 361 375 382 386 396 401 404 405 416 417 430 434 436 450 456 459 467
860
9 10 22 26 40 52 67 71 93 105 121 128 136 138 148 155 167 169 175 182 186 187 194 200 212 220 224 245 253 272 274 308 311 321 323 331 332 340 359 378 384 397 402 405 407 417 418 428 439 450 457 485 495 517 524
198
6 18 32 39 50 57 79 91 94 97 107 146 150 152 156 163 166 184 188 203 204 208 219 223 231 235 238 239 240 254 259 260 288 327 329 360 379 385 388 391 400 424 428 436 440 454 462 469 494 508 519
393
5 11 17 18 25 34 46 51 64 66 74 75 84 86 95 96 98 99 102 151 170 199 209 213 222 226 246 248 250 254 260 267 275 279 287 317 341 346 367 372 378 379 394 440 447 455 476 478 479 498 504 517 520 522
959
3 8 17 45 48 51 80 85 121 132 135 140 144 165 174 179 188 195 207 221 249 252 254 259 260 262 264 272 273 280 287 294 317 327 340 342 346 352 373 374 377 386 389 393 404 442 459 467 468 475 479 492 493 502 506
902
1 7 25 38 45 47 53 73 74 89 95 117 120 130 133 145 166 172 177 189 205 207 218 236 242 250 255 278 295 297 299 316 320 337 348 352 355 371 372 373 385 386 387 400 404 407 422 427 430 436 447 460 467 474 483 496 507 509 511
666
10 22 27 43 46 48 53 76 103 109 126 135 140 142 145 147 168 186 189 192 194 203 212 217 219 239 243 249 263 281 287 288 297 302 305 306 307 323 330 349 350 359 365 369 370 377 383 390 401 402 408 422 424 426 429 465 468 471 475 485 490 501 503 511 513 524
454
4 18 43 69 94 114 118 132 133 141 143 156 157 171 201 204 219 229 230 231 248 253 272 286 305 315 335 337 359 365 369 370 375 378 379 393 401 415 417 423 438 442 443 459 473 475 494 505 518
6
23 33 34 41 42 43 45 58 80 88 91 93 95 127 130 148 152 156 158 173 175 186 240 262 264 265 289 290 291 296 299 304 321 327 335 337 349 353 365 368 371 385 391 409 418 421 423 433 456 458 462 468 482 493 503 508 524
58
1 49 50 61 63 68 85 104 136 138 148 152 204 218 242 263 264 287 292 301 315 319 337 339 345 357 388 394 402 411 442 445 459 499 516 517 520 522 525
340
6 12 24 25 26 34 64 76 94 109 112 119 124 136 141 144 149 153 156 181 193 213 236 238 263 269 290 298 309 330 333 339 340 349 372 373 374 399 408 409 425 429 430 438 440 441 453 457 459 482 488 492 493 508
172
2 6 12 14 15 19 20 33 46 53 59 68 91 112 113 134 141 149 162 164 171 172 178 180 227 253 271 279 291 304 313 314 326 327 370 390 395 400 405 413 456 462 465 466 476 495 513 522
438
6 15 23 39 54 56 72 74 79 82 88 103 119 122 133 134 143 155 156 174 188 193 202 203 217 226 240 260 263 290 316 318 341 342 361 374 379 380 420 424 431 450 451 453 471 484 494 497 506 510
499
17 70 76 80 83 85 86 97 98 100 110 120 121 127 129 133 163 167 168 193 207 229 230 235 236 243 255 256 257 258 280 315 321 325 328 330 335 350 355 356 357 376 384 389 394 419 429 435 459 470 478 480 485 488 491 495 508 524
92
5 14 21 25 27 32 37 43 55 76 93 94 152 189 193 194 201 216 231 233 246 255 257 265 302 311 324 328 340 342 343 357 368 411 419 442 447 454 464 482 483 500 510 516 518 525
874
9 11 12 20 24 27 36 37 49 53 63 94 114 124 137 138 139 150 162 165 173 175 184 186 194 197 206 215 231 235 237 245 249 253 256 266 270 274 289 292 305 311 337 344 352 356 363 372 403 412 420 445 462 484 490 498 506 516 525
641
5 45 49 71 73 74 92 98 101 104 122 155 168 177 185 193 194 234 264 266 274 292 314 344 365 366 367 379 389 397 399 400 408 413 421 440 449 454 469 473 475 476 477 485 493 513 519 521
866
