1000
500
972 941 920 876 502 382 319 997 652 77 862 264 275 10 303 875 116 1 647 3 178 312 317
178
980 977 825 779 567 781 311 948 196 79 723 746 240 5 195 485 1 270 6 884 649 696 513 916 775 611 406 641 568 756 694
172
882 259 489 132 270 203 240 5 213 25 257 1 84 338 476 343 368 309 403 423 890 749 493 70 869
143
993 945 943 413 604 365 8 501 31 790 1 926 691 935 136 737 596 688 918 186 577 175 881 420 185 890 893
183
930 860 983 842 835 286 148 888 230 285 50 985 280 29 627 1 552 599 173 339 433 498 522 211 540 603 628 685 698 785
173
924 873 324 202 923 171 32 469 86 91 994 430 364 1 692 34 443 520 526 580 322 463 651 654 748 771 832
81
998 974 935 872 871 288 472 282 102 916 493 408 1 507 155 61 39 294 879 33 409 439 514 675 767 588 74 732 745 750
109
818 719 648 220 785 174 33 134 1 231 72 703 233 132 881 129 520 148 242 308 347 360 791 227 368 396 611 517 528 579
165
904 757 728 716 715 917 204 104 1 120 271 615 40 293 331 469 568 782 460
233
955 928 830 750 747 578 515 132 645 1 664 112 52 212 432 88 249 559 260 360 383
122
882 761 624 619 214 335 913 798 246 658 198 183 1 392 259 406 802 503 717 602
153
995 961 936 351 314 222 229 781 154 2 830 112 4 333 919 402 36 899 523 779 638 529 340 575 550 735 594 796
156
999 888 773 968 2 596 771 173 269 9 548 419 901 556 321 344 689
181
957 846 790 716 714 711 945 240 10 290 202 125 219 426 50 955 579 143 2 29 123 375 974 457 492 326 561 496 310 498 597 615
260
946 904 978 541 644 253 941 182 2 365 33 10 839 379 323 438 487 492
146
937 370 2 331 312 348 831 172 282 765 415 697 99 428 539 474 709 11 763 813 347 817 825 869
74
964 948 785 759 689 265 154 157 17 257 163 511 28 75 324 512 271 178 413 246 528 421 582 509 942 2 519 655 677
97
980 734 569 836 146 689 91 2 365 210 511 419 441 50 565 404 357 426
88
759 959 729 622 90 2 244 464 519 702 541 984 179 84 953 56 928 445 489
58
928 881 870 768 324 2 297 248 154 430 885 86 843 420 581 809 57 724 897 568 427 652 752 658 725 728 837 132 555 743 275 134 745
194
943 906 814 750 583 571 872 458 442 108 68 692 2 255 107 66 877 440 210 214 225 379
175
993 988 985 923 862 355 995 337 751 293 661 239 423 215 600 197 82 749 2 143 322 181 436 512 769 581 629 582 640
128
969 505 676 260 921 216 122 390 766 863 393 692 107 308 120 171 479 480 618 983 325 560 656 407 736 2 754
59
867 808 777 770 715 694 435 665 355 272 243 473 139 2 142 602 345 874 169 725 302 537 202 828 593 436 503 591 980 557 604 541 682
92
932 255 692 185 132 293 845 5 3 43 618 216 169 307 858 12 529 805 275 344 131 413 366 938 92 797
206
985 154 204 138 276 205 172 209 444 102 996 56 516 3 70 212 288 357 817 947 7 336 453 782 359 443
212
900 979 885 784 775 409 171 11 747 311 248 201 638 3 95 860 108 119 298 533 297 579 840 370 490 651 647 506 629 635
192
976 918 257 346 324 225 52 190 3 164 353 12 45 827 404 477 504 711 575 689 736 590 605 881 815
138
987 895 862 848 829 638 623 120 492 78 375 3 796 14 575 96 257 286 420
101
976 847 705 451 71 578 3 975 32 55 165 20 657 174 138 177 195 514 422
155
925 840 817 788 969 875 781 262 78 846 235 726 21 256 3 286 33 186 562 45 344 62 296 695 460 496 586 592 566 613 659 714
76
564 428 952 538 446 101 896 873 68 556 211 38 670 3 25 399 894 204 685 248 305 397
121
841 825 764 667 179 47 172 117 435 837 676 446 444 911 451 3 210 486
118
992 960 819 72 3 762 350 695 919 449 337 199 429 417 323 375 403 309 107 436 494 706 502 571 817 629 499 734
106
987 957 925 905 992 334 3 965 119 138 633 210 586 566 887 135 312 641 350 973 879 362 198 527 255 631 900 618 712 322 745 264 875
211
110 182 152 8 941 330 767 4 973 268 80 540 164 120 396 381 462 406 876 755 225 789 538 914
227
926 917 905 893 888 916 869 651 628 187 178 601 202 317 186 162 209 10 15 4 349 110 16 246 946 53 864 253 788 412 471 496 385 526 560
153
948 890 860 853 844 814 737 716 653 627 393 396 701 419 352 225 18 896 144 558 47 461 833 410 593 452 181 463 98 4 474 782 500 858 529 715 57 621 588
208
792 767 577 881 122 52 547 4 779 365 412 138 253 460 26 509
172
976 925 571 157 113 41 4 816 356 40 727 244 420 193 308 874 782 736 506
210
989 960 921 892 871 881 834 774 949 761 753 890 702 339 431 340 110 524 299 233 318 647 50 165 4 418 899 194 106 438 453 591 645 457 508 564 643
226
957 943 855 801 790 788 758 748 787 740 737 721 634 624 749 561 716 58 193 168 260 712 148 447 4 283 189 134 817 770 112 222 268 921 592 498 207 301 187 328 351 339 987 376 948 196 384
258
397 358 307 514 96 4 280 994 947 141 509 223 936 595 620 725 544 826 812 858 780 874 807 948
90
964 697 221 746 148 544 621 809 4 285 869 110 484 854 394 471 666
223
945 303 4 579 855 389 304 305 117 618 289 413 560 365 882 659 374 280 139 562 797 730 935 794
52
996 956 894 420 770 198 154 72 203 724 19 548 192 5 12 587 477 310 592 550 89 559 590 889 594 829
226
983 995 337 314 15 475 5 248 728 258 869 390 47 450 887 327 562 627 367 132 696 867 175 927 946
233
964 850 797 896 755 726 832 174 94 153 314 137 163 22 5 161 67 297 211 768 16 533 694 262 434 572 195 618 172 501 514
234
953 934 922 920 895 801 735 719 703 658 606 601 584 209 162 222 314 134 362 663 5 75 946 194 18 234 607 372 540 111 17 440 480 984 514 520 536 803 51 333 568
172
960 915 352 285 216 377 515 230 35 626 126 823 494 853 336 444 303 171 128 370 715 392 415 550 5 428 804
151
788 968 592 583 549 480 500 453 273 236 711 570 241 61 5 102 402 355 182 462 39 315 877 407 138 388 153 341 213 354 329 423 281 422 441
172
970 939 831 801 785 774 725 985 656 323 758 241 40 638 324 860 531 313 716 152 291 897 333 192 569 5 649 889 748 701 90 107 389 423 430 449 394 535 648
185
999 955 894 688 650 581 553 451 965 114 151 524 41 448 5 63 155 200 364 295 858 306
168
896 827 723 274 389 262 469 244 359 232 45 135 304 5 649 339 104 383 613 494 51 568 604 484 625 674
143
986 945 918 867 934 796 625 229 840 81 5 51 239 262 423 377 452 562 805 483
65
868 848 741 542 255 222 221 53 183 160 121 488 535 809 292 802 614 438 234 281 516 5 616 663 699 266 360 736
145
1000 903 832 671 592 561 467 967 116 72 412 203 88 5 258 304 873 321 938 892 386 405
67
958 860 851 841 819 803 793 781 776 48 692 131 755 614 97 792 557 7 899 6 673 320 38 997 245 855 103 80 937 232 326 458 505 575 822 587 726 684 731
102
865 764 685 629 561 249 414 362 6 219 173 323 338 407 13 496
49
915 893 795 768 698 775 568 458 793 540 241 6 160 958 15 227 411 580 419 500 325 509
174
982 978 902 231 220 821 424 993 6 269 880 166 16 251 550 196 329 87 469 791 514 520 703 609 759 944 897 848
175
999 984 972 848 741 465 340 156 285 630 278 860 719 531 6 275 620 646 176 281 187 920 403 304 633 471 20 537 652 594 598
78
999 937 924 922 915 861 813 812 785 775 262 251 961 21 494 181 292 6 328 912 489 517 235 927 175 28 451 337 48 659 569 951 340 716 723 195 759
224
992 940 842 752 740 691 185 680 839 310 201 6 79 677 757 21 498 544 736 690
79
886 928 881 871 843 818 296 480 345 900 759 290 811 106 6 29 945 52 118 135 417 85 346 266 407 360 941 377 387 513 556 562 597
128
841 261 258 304 202 570 53 6 33 44 252 205 619 62 591 358 368 454 500 517 571 612 819 763
173
890 887 773 704 674 718 672 103 757 389 261 503 811 52 236 6 863 633 362 738 600 485
54
958 936 930 381 301 542 213 6 195 816 534 56 484 55 660 71 729 922 593 647 698 154 859 717 819 909
184
938 394 417 252 781 62 6 226 448 426 184 230 460 690 737 783 577 611 932 321 744 832 868 553 929
130
974 304 6 73 383 947 963 305 399 201 810 246 545 309 591 301 761 396 490 601 642 777 839 954 952
142
764 745 840 702 219 168 141 317 6 107 632 448 255 297 550 997 445
173
983 974 382 206 536 1000 13 812 181 956 16 971 219 863 95 142 7 54 221 80 400 702 420 508 707 713 755
119
857 418 464 398 364 7 336 14 497 269 375 798 274 141 547 583 627 702 726 781 756 850 797 816
122
990 987 957 924 885 855 788 739 341 123 277 668 507 178 723 18 87 662 102 754 284 378 871 25 303 350 359 861 391 545 456 597 633 7 665
183
981 922 709 664 970 786 349 313 79 24 559 7 35 196 966 115 207 339 344 298 305
57
941 913 874 731 613 905 606 385 517 149 80 267 213 792 33 272 444 7 329 262 331 871 365
146
884 566 525 287 137 292 524 294 509 371 575 276 322 477 40 454 7 329
47
868 444 407 899 758 458 425 293 450 620 197 43 7 618 50 671 298 486 511 467 514 813 650 824 829
83
974 970 940 875 928 317 44 441 994 7 892 798 140 671 107 61 211 728 156 203 550 456 126 724 351 251 392 415 760 449 772
213
928 911 866 862 828 814 654 959 614 116 916 479 48 763 510 237 7 351 434 202 363 570
62
893 869 860 824 222 897 239 262 125 186 964 71 120 113 980 228 784 596 50 774 257 7 77 89 503 299 575 899 147 523 707 537 772
263
963 842 794 656 599 213 125 7 414 824 502 50 931 126 218 427 849 573 274 580 396
180
957 861 166 277 622 886 134 993 241 54 7 361 140 439 129 796 96 717 121 443 338 620 854 666 621 785 611 846
213
994 980 928 867 748 503 783 139 283 7 552 279 394 931 57 471 602 441
147
948 864 854 809 783 774 600 538 862 218 7 959 223 756 503 309 251 320 318 451 63 477
230
951 935 790 350 280 7 628 134 322 467 91 482 735 332 523 916 869 446 583 821 398 586 633 358 687 364 82 270 693
146
386 179 917 353 200 370 953 577 899 161 720 270 881 390 336 7 712 425 493 131 507 572 281 751 893
209
923 903 885 378 346 949 9 897 239 212 8 327 468 790 611 698 322 157 904 105 434 457 225 648 693 879 738 766 403 826
243
878 794 740 727 292 10 217 229 86 335 102 8 698 44 930 695 357 377 19 630 350 397 38 696 376 517 563 579
173
956 803 754 218 152 170 21 320 128 66 8 39 148 242 610 725 136 277 372 746 41 417 877 454 475 582 646 742
97
966 887 879 837 803 794 72 22 184 140 96 8 31 399 632 491 110 63 838 86 53 912 536 344 250 593 311 752 470 244 479 588 638 591
85
962 894 712 168 997 8 849 182 998 32 27 254 312 322 598 420 486
170
966 967 873 284 445 560 244 313 188 138 28 695 71 364 82 634 430 48 471 475 530 578 995 8 619 699 735
105
868 857 347 738 972 784 319 733 328 144 271 382 842 8 848 96 577 295 60 107 358 371 808 437 547 30 453
189
985 947 934 996 766 131 747 8 47 317 702 979 266 358 457 247 638
171
961 930 917 799 793 757 910 722 688 555 529 849 520 150 974 81 946 288 215 261 702 138 885 368 824 730 72 155 357 122 137 767 344 925 173 220 223 196 8 337 624 342 518 377 471 629 488
117
975 848 819 798 624 542 507 465 235 406 209 8 261 855 73 236 270 230 276 965 321
65
978 919 729 586 132 155 987 504 458 320 105 94 8 157 465 419 189 262 486 394
102
857 362 315 106 459 390 863 393 115 667 507 666 8 760 243 727 210 530 671 524 846 584 687 510 839
143
955 703 647 479 467 457 424 24 9 121 11 876 140 360 460 437 50 142 274
96
795 771 661 586 900 164 307 9 295 405 438 581 61 15 432 459
147
912 425 398 300 898 110 846 15 567 9 217 74 88 491 503 618 476 664 523 393 581 857 225 648
186
886 883 117 389 191 269 462 39 27 579 481 763 9 255 584 160 425 512 326 702 393 863 727 751 805
199
898 936 419 580 615 511 41 338 9 274 968 780 421 316 410 878 267 450 225 460 554 901 572 664 576 579 302 678
127
959 899 895 937 891 779 685 299 563 768 9 893 387 42 537 162 613 463 819 474 886 472
100
994 789 747 733 407 568 364 339 53 513 902 9 376 423 469 367 833 81 633 115 441 485 577 623 572 92 609 724 612
183
969 585 845 331 654 607 340 54 836 859 226 510 268 300 523 852 587 431 619 9 667 764 950 954
124
751 733 796 727 686 151 125 905 169 576 139 62 326 630 9 736 460 265 408 363
64
912 880 879 776 743 138 437 616 161 67 141 9 515 217 96 111 304 248 342 642 360 370 159 300 535 632 795 137 701
233
811 723 664 163 9 306 451 106 891 155 180 70 208 767 261 321 863 357
222
993 926 994 695 726 680 663 608 606 365 196 9 133 670 187 463 368 780 458 937 546 507 576
242
959 932 787 695 641 236 185 130 10 922 416 439 17 237 366 473 601
155
982 913 817 692 984 547 446 421 152 733 20 44 924 165 10 739 417 364 166 235 291 346
179
892 627 927 513 827 505 23 861 10 193 741 166 28 358 274 228 195 448 991 600 324
132
916 822 806 778 725 291 883 84 799 188 98 198 10 113 389 25 80 81 610 165 306 398 891 421 377 454 604 557 768 580 629 827 686
228
938 956 862 756 840 746 726 642 143 48 200 499 35 164 171 105 332 473 542 911 817 159 369 903 10 245 261 140 93 328 443 344 597 409 410
123
978 929 893 879 812 796 742 260 283 306 721 251 968 169 10 182 41 432 892 140 143 955 344 374 111 581 975 411 334 569 661 880 645 200 153 670
115
993 884 318 135 205 161 115 106 486 997 10 103 72 307 295 671 360 590 326 373 531 105 669 738 49 660
182
981 968 826 796 702 382 327 987 235 281 250 595 50 155 86 684 305 634 444 628 445 559 606 528 174 550 10 574 668
87
827 798 221 313 944 474 117 200 205 116 97 220 255 678 363 364 795 466 509 11 575 638 16 110 674 699
191
951 707 917 618 695 511 114 440 72 369 25 11 556 418 683 200 734 21 205 414 427
46
985 869 930 838 124 182 61 314 725 288 11 46 23 645 392 628 559
95
986 978 965 756 457 664 710 391 797 280 810 11 411 223 102 447 780 733 122 969 29 535 150 883 178 507 632 538 560 698 603 211 634
251
870 298 612 993 147 837 238 152 11 105 135 40 87 393 264 452 820 488 502 564 668 766 821 356 826
183
928 922 984 890 887 465 278 416 321 188 441 100 537 298 110 202 898 616 716 11 103 258 70 645 315 440 585 610 962 304 680
105
883 837 802 843 199 718 91 620 11 518 81 748 973 76 707 523
133
934 902 879 963 871 858 786 286 11 823 225 136 673 466 521 714 576 985 318 275 505 982 361
96
878 854 852 869 731 616 613 552 882 560 169 77 33 955 495 12 218 310 131 338 459 381
242
954 837 707 493 445 422 133 870 364 896 436 91 407 12 35 181 718 258 924 165 257 394
144
985 948 882 860 359 321 307 226 386 41 305 107 269 148 513 579 595 733 12 623 690 711 569 851 757 794 747
140
922 802 575 737 690 303 299 487 180 157 617 242 289 174 611 43 916 164 12 670 541 353 369 412 193 522 569
147
912 902 757 734 720 702 242 656 229 803 380 192 764 12 294 310 610 234 46 368 437 134 760 525 127 362 434 450 565 85 555 631
258
910 897 273 733 255 230 598 206 758 66 254 12 127 358 83 873 168 983 513 563 569 648 940 752 891 656 562 844
193
838 825 742 733 288 278 285 76 136 12 435 688 77 204 573 526 149 941 236 471 656 515 609 571 663 625 690 707
168
944 893 819 337 236 167 193 607 88 699 254 12 405 233 371 140 462 244 761 391 621 354 448 353 494 595
237
923 796 152 741 97 472 12 487 579 746 585 862 655 412 688 721
73
818 811 712 699 878 694 572 552 816 195 316 12 171 325 169 468 888 106 590 222 297 416
80
939 878 374 363 316 615 300 12 251 665 575 667 164 399 698 313 603 742 507 695 787 630 699 827 879 832
159
753 964 494 399 261 368 575 830 736 348 488 268 567 215 591 240 200 12 508 646 519 657 680 525 712 742
214
755 673 648 580 159 269 158 224 621 23 529 542 13 15 475 842 796 267 700 516
195
874 838 816 789 749 273 207 199 636 27 52 167 200 706 201 13 249 139 300 668 352 573 607 422 610 643 735 658
97
931 314 636 418 562 101 13 382 53 34 959 724 373 120 839 87 458 532 33 785 689 850 742 874 914
213
986 93 829 652 311 13 97 833 925 466 278 137 942 247 461 743 951 904 950 757 791 719 296 860 832
99
915 874 863 813 850 803 378 493 728 377 779 262 242 170 264 278 701 110 410 435 481 489 491 506 878 314 173 549 605 13 624
174
945 935 879 792 803 756 748 793 229 78 331 220 198 14 77 721 16 76 47 236 48 772 255 436 248 297 326 602 448 479 656 661 682
92
983 877 853 844 786 767 238 169 252 528 253 460 188 510 151 381 30 697 135 126 301 888 230 747 324 103 338 766 14 343 443
220
927 888 346 369 329 582 307 445 721 268 33 56 677 14 177 614 325 182 558 663 875 687 735 805 853
209
922 913 859 685 608 90 272 37 14 289 927 457 838 39 275 55 167 308 293 323 51 380 809 386 877 501 532 204 533 552 600 606
163
825 807 791 752 367 874 310 970 218 305 236 66 14 304 396 421 444 789 84 982 371 403 472 354 260 495 516 576 662 380 615 834 646
151
994 938 889 866 992 710 568 815 204 384 243 228 121 267 296 14 702 91 413 680 163 669 395 135 464 579 612 471 735 547 496 684
248
943 831 811 794 457 224 196 182 342 154 945 99 145 932 697 356 488 770 954 14 390 815 110 486 493 537 590 109 673 350 726
141
952 901 807 684 679 320 714 254 672 14 164 191 513 453 460 337 613
209
764 179 754 374 392 668 487 556 740 310 195 287 747 178 520 543 996 526 478 572 14 578 610 326 702
194
952 724 644 238 100 792 228 211 135 103 159 65 49 324 768 16 439 327 15 626 829 359 612 404 459 742 460 530 584 615
254
983 900 880 79 124 308 17 169 164 399 469 422 15 268 159 251 460 108 277 115 444 511 810 217 781 873
99
986 939 918 864 723 313 925 878 267 566 233 24 127 94 370 158 43 15 216 369 40 546 544 356 373 477 430 571 367 696
179
906 905 822 242 187 486 162 24 296 319 780 57 158 816 252 781 87 86 381 90 795 818 15 391 568 732
230
929 843 375 628 321 781 350 396 174 261 118 153 15 307 636 624 60 996 432 478 466 834 591 28 686 688
162
949 913 883 943 849 806 359 68 199 314 15 149 65 90 92 505 411 125 595 418 671 509 229 558 627 450 591 593 766
253
937 981 934 990 896 895 877 865 819 978 320 460 483 295 248 15 286 521 192 876 500 551 845 751 563 419 701 582 189 706 163 727 369 651 745
89
827 361 775 566 226 180 257 809 655 359 124 400 893 423 676 16 721 327 162 34 457 659 716 123 734
89
973 782 618 212 591 131 16 38 477 990 668 277 354 696 282 623 48 370 485
153
998 912 16 597 326 200 717 390 249 42 72 49 430 477 367 508 586 663 616 685 679 427 756 829 861
247
685 213 949 175 382 234 235 47 980 557 369 155 203 317 82 16 170 320 459 503 825 537 690 789
246
973 968 426 610 656 649 477 707 70 507 225 16 111 198 920 121 94 494 297 908 698 804 189 847 659 894
205
756 619 780 918 590 315 527 292 16 70 655 595 266 942 96 173 771 653 379 755 947 759 851 799 938
95
887 865 783 758 300 294 268 119 329 73 214 490 296 236 743 696 16 588 491 910 675 506 473 520 164 540 594 702
254
952 932 913 912 319 303 786 184 948 713 136 458 300 829 80 172 793 16 157 194 340 449 587 656 680 707 259 776
119
982 976 163 295 201 984 937 702 91 137 113 302 16 139 314 613 615 333 285 661 379 495 518 588 618 621 155 625
172
758 736 350 847 548 148 16 94 905 652 468 385 889 107 452 596 618
200
954 921 918 871 583 476 16 361 238 614 767 391 736 389 665 232 446 117 646 807 381 795 864 659 678 779 863
115
961 863 930 815 470 773 635 898 162 668 16 390 204 135 847 525 502 751 682
208
934 755 838 815 654 739 210 573 16 643 398 508 961 248 506 901 855 188 510 542
227
737 671 597 582 558 540 797 176 506 17 884 263 527 118 18 393 370 350 361
193
959 880 862 812 799 711 315 384 637 22 643 300 17 346 891 280 38 259 212 682 56 405 532 542 317 458 552 554 669 652
99
982 959 951 287 900 195 901 149 941 894 424 217 123 468 24 17 86 868 147 446 37 589 38 453 472 473 597 967 732 905 858 877
158
938 865 794 785 647 804 643 161 568 579 799 17 646 25 214 406 470 650 29 190 627
231
739 638 633 517 305 206 297 132 910 675 17 523 827 310 592 28 603 89 306 567 370 130 600 409 577 483 510 124 594
125
1000 852 831 804 269 62 330 112 17 546 42 150 472 192 51 779 74 376 188 329 995 478 639 919 496 86 791 934 417 793
244
943 923 722 537 536 672 189 770 57 188 507 953 263 546 17 275 219 495 186 278
216
993 985 962 935 905 819 289 278 730 17 292 941 67 419 805 299 126 356 466 710 572 526
96
978 902 819 724 802 319 176 130 647 237 17 114 412 686 663 723
74
946 922 798 770 939 525 451 459 160 122 237 684 454 17 242 273 166 350 395 400 857 604 443
154
896 854 721 642 637 438 908 103 18 477 155 631 332 20 170 176 794 748 35 219 374 351 283
182
902 279 357 104 725 470 516 381 842 137 795 696 900 148 54 958 206 18 65 891 515 886 557 615 730 720 29 734 802
223
423 479 432 18 363 478 915 412 36 105 726 143 456 221 597 610 646 830 745 839 1000 342 859 907
72
911 876 775 762 670 912 682 613 116 143 68 18 928 54 690 230 285 999 516 756 273 418 280
164
983 941 784 769 761 730 604 818 583 576 571 568 562 321 390 308 170 290 497 465 443 65 535 18 846 282 188 258 352 357 323 417 203 109 485 457 504
124
738 654 639 215 199 299 23 939 709 19 356 425 934 612 970 579 533 883 561
52
968 849 936 683 608 586 107 19 185 24 277 957 727 83 497 449 219 598 253 625 257
52
981 977 939 176 342 457 27 224 130 36 19 113 434 481 332 123 399 133 368 421 651 832 738 807 773 808
180
941 858 743 738 149 494 771 19 295 433 991 709 135 177 36 183 139 29 673 73 131 225 238 378 394 46 610 403 497
197
974 886 822 226 818 19 219 564 29 159 435 901 337 619 232 221 763 152 829 359 210 932 509 133 899 476 574 592 372 654 695 761 714
191
970 941 834 696 693 517 732 19 779 250 81 35 934 267 281 375 48 485 561 170 469
147
875 837 786 785 614 560 491 468 148 92 927 651 214 444 938 455 19 42 321 933 450 74 465
192
978 958 521 498 544 614 491 19 917 462 110 938 499 405 727 467 796 62 532 611 620 89 700 722 886
147
969 929 893 829 369 691 242 830 219 90 241 305 102 865 19 536 319 789 448 542 574 645 598 953 765 624 637 180 744 774
92
964 995 765 913 660 641 579 524 216 679 173 149 235 162 254 861 309 19 341 390 505
90
902 944 897 823 785 775 830 736 968 733 627 249 226 42 325 227 509 140 824 25 792 416 124 819 20 678 358 452 173 643 282 517 658 496 402 731
190
861 935 277 415 497 31 244 150 20 257 202 238 708 92 132 992 287 135 370 824 777 401 654 312 406 601 393 722
144
971 894 891 856 853 822 707 700 685 727 680 654 353 367 308 196 329 827 357 75 263 175 792 698 40 500 20 161 364 344 485 476 675 393 487 462 509 610 563
170
977 897 721 716 688 129 85 104 786 533 687 20 176 562 260 48 232 623
166
944 934 785 718 291 498 613 126 614 379 102 76 750 421 89 20 59 542 101 68 817 300 304 419 387 395 504 99 52 522
204
982 965 782 868 776 221 364 979 496 839 540 444 189 894 20 641 722 652 767
206
923 777 788 742 68 836 629 920 736 276 331 987 872 21 772 312 27 580 830 600 471 678
97
974 410 203 134 423 32 158 730 21 954 108 266 439 465 902 556 362 597 37 789 812 857 869 677 912
81
913 871 696 659 631 252 734 688 21 242 34 276 543 645 277 257 280 601 141 325
214
764 729 699 828 687 207 595 144 216 181 40 993 523 110 844 186 48 21 458 481 455 596 960 114 55 666 402 419 440 514 657
218
363 87 226 965 260 307 399 452 21 196 243 89 153 388 618 392 469 722 553 506 624 53 758 992 945
71
971 154 540 609 552 364 338 56 373 21 274 895 641 698 813 477 242 806 811 866 899 713 901 919
55
969 895 863 847 208 317 316 500 259 719 340 58 610 323 370 416 73 412 101 874 545 589 680 774 679 21 820 838
131
870 917 112 107 803 21 869 64 603 355 554 717 349 579 781
172
999 987 937 866 850 826 455 259 719 250 572 80 734 414 927 128 21 726 134 515 86 791 449 637 775 865 254 677 712 862 721 812
246
963 877 615 197 734 21 100 518 83 240 271 398 676 193 423 521
201
932 863 711 187 417 182 21 724 113 412 181 173 340 91 787 505 689 125 406 520 189 377 565 588 576 812 577 606 803 145 615
140
986 968 882 865 932 886 817 824 755 719 620 154 125 297 21 118 415 379 639 478 132 500 588
166
883 829 798 762 588 871 641 503 94 237 817 725 58 97 735 22 27 221 408 843 337 389 483
160
998 328 164 441 330 514 574 369 134 249 359 194 838 457 27 544 994 665 325 701 914 22 915 371 982
58
922 911 892 755 640 598 573 838 539 155 626 419 312 390 22 236 29 415 660 338 453 490
140
954 926 912 780 686 683 646 171 447 135 105 58 31 147 262 602 38 22 252 551 44 980 228 952 435 248 305 325 809 433 54 571 37 460
80
973 893 839 835 718 660 857 622 340 363 807 478 289 538 913 584 970 171 516 144 558 351 22 35 518 137 90 92 53 361 239 568 439 546
181
966 954 940 945 428 635 659 415 371 348 81 863 332 383 101 22 690 903 527 707 891 772 176 787 902 812 138 890
82
955 289 282 262 933 745 91 351 22 231 162 338 361 706 358 546 570 662 166 777 898 757 895 554 789
244
934 911 844 678 549 432 381 22 909 242 100 352 375 189 143 258 239 308 285
164
932 918 885 793 749 542 409 213 663 640 433 22 520 221 201 233 463 256 304 644 414
91
858 711 661 935 498 480 954 379 167 150 73 315 791 653 331 26 279 552 23 184 215 341
79
971 913 910 32 232 185 110 524 777 231 513 898 428 566 310 498 869 23 164 728 505 793 558 423 564 565 306 588 572
189
900 848 838 862 563 922 807 209 32 783 461 23 276 935 153 222 679 334 198 451 405
73
990 823 771 94 671 556 76 687 43 78 759 23 166 129 638 454 353 537
102
956 896 826 752 463 56 380 518 23 598 520 662 668 103 678
227
771 706 557 912 498 272 632 172 693 348 692 94 23 386 842 60 573 274 312 332 421
69
951 513 789 515 356 279 23 120 925 881 129 63 533 416 604 788 636 491 162 726 864 910 823 942
122
695 689 624 950 559 508 504 671 234 23 199 815 792 79 171 135 66 175 195 845 293 489
241
982 975 819 774 705 564 514 146 126 739 670 486 95 480 23 92 599 208 341 812 306 352 358
78
973 857 843 710 595 451 350 979 105 243 874 23 92 104 334 206 316 424 263 471 126 333
204
894 891 888 877 871 543 539 309 631 503 420 98 423 607 630 23 320 549 596 453 547 379 708 667 620 647 767 801
97
950 870 808 744 736 497 112 599 24 71 703 335 36 443 642 136 229 314 453 85 407
119
980 947 938 918 888 339 249 387 203 47 212 24 187 125 992 334 475 498 551 556 591 623 221 738 628 664 724 837 887
187
994 950 580 539 502 326 987 658 24 70 323 708 754 119 777 760 713 828 722 744 928 780 795 845 288 899
181
990 912 911 845 997 950 198 474 24 806 381 214 73 72 213 158 317 593 130 439 508 476 916 493 410 551 972 831 643 807 619
171
950 942 932 594 377 934 323 178 335 523 380 615 350 410 833 354 307 537 420 505 781 665 763 24 306 823 872 825
126
968 179 593 433 951 716 26 355 166 25 485 248 107 987 282 705 159 757 98 803 484 727 771 786 883 910
57
900 894 885 851 693 249 230 187 989 49 110 25 692 27 859 60 635 914 68 344 388 340 669 434 878 549 149 572 490 285 661 675
171
959 951 625 726 542 132 95 807 25 34 935 199 158 214 401 124 239 318
97
936 820 335 363 297 113 293 226 383 430 169 537 965 25 577 940 47 714 474 561 883 648 39 838 779 873
159
958 875 294 226 685 732 164 158 128 25 472 79 597 620 599 856 104 621 42 653 533 721 387 246 58 810
162
964 948 976 882 814 206 275 620 131 988 847 706 44 550 64 194 570 851 146 25 82 876 312 665 101 415 794 230 559 716 762 717 756
149
976 924 696 998 975 147 92 97 679 334 449 922 25 619 44 237 382 459 569
76
904 830 496 146 841 371 479 594 303 119 25 524 534 591 654 139 656 682 625 719 445 727 843 44 796 523 805
76
896 857 809 746 709 607 25 966 299 224 59 330 130 337 405 359 412 534
127
949 932 977 507 506 115 626 358 928 411 82 492 653 85 25 689 800 803 201 859 533 862 866 442 536 912 900
213
948 896 555 877 344 789 311 289 918 25 158 246 622 551 645 127 644 590 684 799 99 193 757 803 793 847
146
528 576 315 268 498 866 664 170 119 25 354 958 676 579 156 846 728 869 606 790 704 865 204 862
213
976 862 860 706 691 278 542 948 281 923 26 689 114 422 789 99 403 548 822 500 592
152
874 819 758 260 403 546 912 797 682 613 153 624 26 952 262 354 949 420 913 407 632 126 517
134
904 837 791 780 318 626 731 294 900 854 624 26 196 908 586 721 652 673 572 687
70
896 708 997 652 617 605 518 473 384 719 52 37 885 103 27 28 898 231 232 276 193 285 339
92
971 924 898 871 868 904 857 975 834 770 157 525 937 326 27 90 40 523 235 379 68 712 483 70 399 493 393 205 534 675 769 573 526 650
140
888 757 588 754 524 431 210 331 494 172 50 27 470 401 43 373 416 742 443 144 420
176
902 867 876 829 813 801 764 744 584 300 737 267 467 51 168 27 119 977 178 924 454 281 328 160 530 718 436 387 308 167 402 964 494 475 680
233
996 936 928 238 54 283 122 939 140 508 813 296 641 825 368 78 814 235 470 920 27 121 497 544 959 912 663 793 852
95
902 589 931 540 178 343 519 151 85 338 177 561 331 27 249 715 600 370 472
138
912 879 828 458 839 228 542 443 860 719 340 662 281 28 158 673 203 654 558 746 547 30 569 470 799 647 791 821
78
935 866 851 847 832 816 795 697 343 656 92 479 502 617 284 322 87 524 336 309 497 28 364 176 452 407 623 517 110 439 533 582
261
993 339 684 839 235 310 28 209 435 757 336 991 474 137 620 196 542 954 578 109 720 454 736 802 884 906
220
992 908 783 758 702 129 60 566 95 191 50 40 267 79 46 294 357 72 495 178 225 366 396 430 551 682 29 687
93
837 796 784 398 351 29 491 42 901 533 664 314 774 994 695 718
42
962 934 823 565 927 410 594 44 665 29 742 74 787 307 863 675 835 365 549 57 587 616 427 662 623 644 660 940 376 752
191
685 530 439 523 431 679 81 906 78 84 878 326 29 75 361 631 309 401 60 336
45
974 883 827 956 818 684 809 372 805 115 148 972 29 108 88 990 369 83 129 268 853 370 278
121
936 913 908 891 856 792 991 784 357 196 460 788 719 29 579 89 507 422 606 446 751 498
85
842 819 758 813 744 446 410 978 219 766 329 214 418 280 96 254 780 297 29 328 223 361
224
960 874 873 778 645 968 278 542 586 262 924 786 142 328 29 601 955 104 470 613
133
776 951 261 715 29 944 921 277 137 932 610 626 774 314 751 154 752
60
999 222 143 42 92 199 575 228 206 30 167 558 574 104 422 79 408 455 509 533 768 814 931 936
224
816 498 981 417 342 526 852 476 664 456 492 30 813 766 925 220 104 42 794 224 501 507 619 803 701 947 618 759 810
231
997 899 897 889 835 315 338 262 898 193 55 204 316 178 30 812 44 481 538 115 348 781 966 543 548 755 801 581 390 813
258
964 850 385 454 330 652 951 387 134 90 255 114 459 446 232 561 124 30 928 129 738 409 480 892 516 555 739 598 713
61
992 929 912 818 726 703 604 549 414 179 113 149 226 281 881 237 30 123 462 324 232 221 290
144
744 964 711 679 666 653 327 349 30 536 270 611 220 139 709 387 388 544
44
984 373 30 452 348 912 188 250 352 963 902 385 244 520 773 277 459 712 988 471 977 554 433 762 715 650
250
975 889 854 808 755 809 292 154 660 118 95 423 31 399 537 32 220 657 160 66 733 111 915 304 345 397 673 477 500 731
105
972 951 854 853 852 452 38 351 512 225 498 75 310 793 416 327 468 721 141 529 57 621 31 736 677 814 822 824
197
975 921 914 879 829 822 771 269 237 283 400 206 666 187 31 239 51 109 134 319 374 393 285 238 473 529 101 759 633 748
259
892 878 873 848 814 649 633 440 113 737 300 131 31 623 163 657 151 59 266 293 383 314
242
918 829 783 728 540 644 138 470 171 692 462 347 413 31 869 225 302 85 250 510 326 419
117
689 913 568 180 159 723 148 710 434 997 974 31 460 178 993 211 630 216 934 267 806 484 300
108
943 794 715 164 880 834 604 780 688 205 612 353 31 396 340 409 519 618
203
964 875 861 821 789 879 597 568 732 638 450 444 433 58 746 276 299 155 270 562 186 173 32 707 190 939 328 426 50 431 149 573 291 453 406 294 371 389 36 412 428 430
85
991 893 808 795 751 702 261 994 900 806 195 265 218 448 887 41 744 274 877 501 642 32 906 154 143 114 413 332 760 337 463 108 484 951 575 775 634
80
992 969 941 913 893 624 770 253 322 632 209 179 149 540 545 32 103 385 477 51 327 131 84 332 359 466 63 486 880 551 597 865 583
134
771 653 494 485 434 271 785 95 315 912 337 224 312 33 275 53 405 307
64
977 864 730 721 537 419 33 191 644 529 161 673 535 613 61 936 453 461 735 528 505
148
923 482 479 824 425 560 672 296 572 825 70 737 833 269 597 33 253 286 615 327 844 656 674 812
181
909 854 686 772 588 576 33 570 225 251 90 115 322 756 710 457 511 534 560
114
989 966 431 343 665 319 158 285 36 703 254 162 34 517 655 104 465 488 498 810 434 528 435 717 782 785
92
956 785 880 857 627 661 63 51 855 119 254 629 537 192 34 379 614 62 292 332
55
876 719 666 858 743 145 97 909 495 196 129 34 871 342 54 286 378 778 318 456
227
883 843 719 649 545 487 60 827 390 34 56 81 161 86 178 927 858 559 283 182 366
103
983 945 933 909 897 859 822 767 706 977 460 351 67 665 598 410 34 494 169 583 68 440 346 170 543 544 595 249 625 512 700 468 703
243
993 963 511 478 562 700 507 737 34 81 505 565 659 820 670 715 329 799 859 208 67 678 913 266 924
149
990 897 718 638 524 505 177 885 34 199 358 750 612 359 895 90 127 150 288 236 970 602 372
143
960 934 912 908 995 290 448 354 722 35 857 58 44 826 917 165 212 459 36 153 574 527 621 945 804 475 851 698 792 994 806 829
117
987 819 778 740 534 118 526 250 100 35 39 248 501 179 868 109 224 945 922 807 370
199
991 906 927 880 367 179 133 110 196 35 127 863 53 276 343 774 516 764 818 620 855 314 878 867 635 776 870
141
998 883 246 840 35 999 79 887 335 353 816 402 705 429 451 112 549
166
976 942 642 600 592 552 515 790 468 594 134 89 530 392 254 466 236 128 335 396 35 219 449
88
890 789 345 621 509 693 143 52 130 36 347 159 812 60 187 704 71 400 424 631 457 122 733 666 936 701 724
164
927 821 925 810 712 609 234 335 36 553 319 112 508 359 412 366 527
77
946 36 749 360 613 334 231 489 236 390 421 768 322 124 500 822 450 732 670 764 856 777 790 832
113
286 459 493 728 582 191 743 109 776 37 773 671 904 763 337 55 678 945 381 710 848 762 780 828
50
893 531 530 976 553 429 866 117 164 262 84 37 192 594 661 868 666 640 687 442 771 371 794 851 884
174
976 953 745 93 759 92 37 843 521 150 85 190 964 297 439 973 720 697 582
148
983 853 830 908 814 662 875 640 350 267 37 382 261 276 94 958 112 804 710 287 99 646 176 369 432 751 469 489 619 447 541 821 210 633 545 504 551
193
991 934 845 846 799 319 218 609 258 148 49 855 244 40 134 351 492 676 368 830 501 583 38 790 602 763 622 147 476 711
244
730 724 547 906 101 332 594 111 203 38 54 527 290 420 512 535
159
982 930 893 886 844 750 684 231 205 159 67 123 268 144 56 96 303 464 38 602 74 246 407 298 505 995 666 122 592 647 657
218
996 185 93 933 369 100 813 57 586 313 159 297 734 38 337 66 943 802 352 169 404 225 554 735 447 870
220
951 872 699 655 622 553 111 518 81 595 411 521 38 60 269 401 891 661 339 394 197 427
194
925 802 730 668 555 90 218 904 329 450 943 138 69 483 414 38 452 455
192
654 629 602 881 582 549 704 336 147 92 70 889 38 810 258 80 256 173 370 186 159 320
98
986 922 919 840 801 38 705 288 82 148 356 309 562 955 203 990 849 755 394 259 400 584 444 500 454 501 760 337 290 243 572 667
126
984 855 298 413 889 38 956 588 485 117 543 752 511 764 695
172
978 951 221 934 166 327 626 502 128 749 43 162 875 157 63 39 101 125 413 706 471 991 521 619 826 863
224
947 919 873 189 281 730 166 672 52 282 558 906 107 138 39 71 384 243 828 358 122 303 341 933 322 369 574 661 100 711
62
992 990 260 237 537 366 179 698 87 110 501 938 94 715 39 415 293 58 528 497 732 900 123 452 969
79
957 856 853 687 655 651 79 585 410 822 40 363 41 466 565 642 537 556
128
945 927 860 843 587 476 473 139 211 868 40 132 123 330 92 182 413 190 371
104
943 853 833 378 176 996 291 167 788 43 89 135 41 71 886 416 485 69 460 375 971 407 450 486 397 679 718 616 757
241
958 877 835 325 198 180 320 688 45 758 317 363 47 315 362 427 64 487 567 624 577 909 157 627 742 934 41 793
132
983 898 896 876 827 824 123 225 840 41 110 271 49 239 51 281 65 176 643 241 335 148 477 587 771 275 651 697 538 773
156
961 914 847 807 714 689 365 343 228 634 540 990 849 285 64 746 41 409 204 533 281 913 443 477 333 615 841 559 630 583 84 601 326 608 617
209
865 816 802 443 421 746 401 797 84 396 807 163 974 77 284 482 68 274 289 346 41 386
177
998 950 919 781 936 752 716 695 280 828 667 184 41 305 980 267 152 447 656 659 560 629
59
972 761 717 240 286 226 41 836 744 169 896 597 367 854 417 442 473 404 588
150
973 450 404 853 295 81 961 679 42 794 92 736 232 420 112 875 217 337 478 484 757 805 758 881 787 809 821
147
780 811 604 553 970 257 935 222 148 332 398 42 132 575 276 810 419 377 388
89
847 831 730 661 657 651 541 124 108 300 93 572 43 498 314 926 75 236 167 397
101
998 996 431 841 395 75 848 108 410 198 245 636 351 445 859 905 928 212 447 266 642 643 43 701 862
207
987 970 965 930 605 975 584 542 254 208 43 428 554 255 753 247 270 292 75 512 525
70
875 421 988 283 344 643 324 317 547 50 694 911 65 474 819 763 199 586 792 696 44 749 654 795 681 775
67
987 934 824 804 795 734 314 288 905 247 316 559 628 203 56 796 44 74 214 73 87 400 603 556 462 694 553 689 595 550 597 680 963 681
170
926 912 277 272 59 375 812 835 264 44 881 176 293 238 911 629 675 122 216 492 837 566 598 805 761 850
147
924 442 357 81 963 587 180 111 617 147 397 688 135 510 579 718 248 530 988 565 609 647 798 44 138 890
80
972 910 721 413 114 903 574 369 858 576 585 311 948 384 260 958 253 582 825 355 308 44 474 501 230 512 560 975 881 646 680 575 716
122
906 867 511 741 497 442 865 310 299 851 484 251 596 734 165 503 664 532 567 465 230 653 138 44 749
137
940 911 770 324 1000 342 915 398 889 231 44 506 271 238 432 291 544 751 247 569 299 440 416 463 603 672 631 703 740
234
996 904 870 783 731 992 716 359 258 782 138 45 742 466 127 587 475 519 826 596 859 514
71
852 828 791 324 804 390 160 45 211 772 519 159 136 334 570 225 271
188
991 954 847 572 466 222 266 317 643 45 647 141 348 343 412 423 185 461
94
979 477 440 467 145 605 267 161 689 990 896 713 243 485 199 669 808 761 45 656 271 741 862 423 940
191
511 672 149 839 796 349 190 96 235 141 673 532 178 46 176 552 123 871 354 412 60 859 436 663
88
947 685 661 774 636 588 197 147 744 422 994 925 488 139 46 332 71 226 336 283
156
799 670 651 899 570 285 124 174 46 299 414 754 190 305 212 165 73 172 338 430 193 522 370 405 408 979 744 415 256 444 559
222
962 936 891 883 836 928 834 323 964 447 631 346 440 315 785 99 46 426 518 679 250 305 530 765 452 524 528 583 741 102 807
131
953 925 744 103 678 144 46 271 216 138 232 560 372 969 452 998 716 292 762 637 778 307 824 353 259 870 850
107
942 902 306 490 559 377 170 355 125 532 762 222 889 46 343 202 409 415 535 542 210 680 609 223 787
116
950 923 828 815 616 599 897 850 239 561 209 650 462 203 111 525 178 47 824 72 105 703 280 262 356 379 169 357 388 437 201 483 524 570
186
978 936 994 900 770 777 730 608 601 570 563 168 186 988 48 164 724 348 249 502 51 350 511 106 81 268 127 426 376 445 431 480 526 487 841 465 512
238
925 889 67 273 296 756 157 908 250 156 232 48 83 801 143 274 603 974 81 892 422 476 528 634 661 868 832 834
170
928 294 156 238 274 744 173 89 271 83 167 956 627 310 74 497 356 400 414 640 444 867 48 706 753
133
982 977 916 858 821 758 227 893 282 260 48 187 265 77 558 88 273 179 708 373 534 157 580 412 474 566 530 457 645 644
213
958 969 452 386 146 284 537 226 295 659 48 218 195 459 597 919 793 511 598 328 610 622 703 952 717 883
56
971 895 756 681 301 48 657 312 195 495 541 216 538 584 671 303 625
59
964 900 251 207 62 292 1000 154 281 873 215 232 78 981 840 699 49 378 72 401 424 456 686 758 478 581 459 788 651
182
731 705 860 676 701 632 572 211 86 141 49 555 62 253 962 571 274 389 649 534
154
859 843 832 749 788 535 150 90 923 233 49 78 782 276 529 273 264 402 996 421
169
886 736 307 450 571 968 278 49 233 298 574 904 835 513 930 539 613
228
996 997 813 709 666 495 313 94 292 832 50 73 914 293 126 57 256 285 327
44
966 789 626 190 727 267 86 454 50 62 570 271 365 411 877 463
214
933 665 865 612 244 179 993 50 498 314 187 633 265 157 272 384 505
144
932 915 841 838 739 285 782 230 205 490 50 165 521 543 580 652 629 641
53
946 850 721 696 556 540 500 200 917 365 163 186 524 340 428 469 69 410 51 281
139
923 451 819 279 417 269 131 821 732 53 324 512 107 226 461 52 616 820 679 740 809 249 813 861
132
930 923 869 841 783 716 254 358 128 450 168 74 582 488 710 52 75 957 581 237 613 636 383 101 538 718 436 437 447 486 662 684
121
941 929 814 878 717 625 560 551 577 485 138 391 120 106 863 150 480 351 52 999 79 269 323
122
992 947 936 799 506 539 366 160 732 857 52 639 875 714 725 112 733
70
954 999 861 988 873 850 135 868 109 450 133 96 371 972 305 811 53 467 667
170
936 918 281 120 343 136 615 145 53 490 272 295 847 853 195 397 450 879 362 503 802 510 598 219 736 622 804
136
949 903 811 736 653 532 784 439 666 482 413 195 173 130 881 53 122 375 277 349 257 303 326
51
984 806 727 696 942 827 689 272 628 191 312 124 981 337 425 211 579 652 54 307 468
118
961 936 928 903 851 790 361 260 683 281 293 55 147 190 604 650 70 553 159 641 880 598 497 732 755 503 738 772 398 774
165
979 905 168 127 259 630 55 286 741 212 74 804 712 540 843 705
140
989 757 675 587 339 799 790 273 83 648 120 55 665 853 733 968 724 155 954 209 867 881 781 969
207
992 950 925 981 820 691 631 611 284 635 267 960 178 138 377 55 423 407 522 481 632 609
193
990 892 871 779 707 661 596 554 101 552 91 150 58 190 313 191 490 769 56 516
132
990 903 559 508 364 58 428 569 941 330 572 756 502 596 688 694 338 56 855 654 701 895 754 116 774 873
97
951 959 269 720 113 278 816 586 630 796 106 884 56 65 319 369
62
898 891 655 606 491 909 426 117 719 282 189 401 194 56 79 398 809 119 256 458 366 382
165
953 862 880 645 979 368 828 892 328 213 387 433 57 586 74 369 557 442 348 438 62 811 106 367 454 523 684 708
170
943 820 311 225 118 988 95 315 79 701 88 410 778 205 568 803 810 105 57 480 490 566 625 666 696 811 200 764
161
323 992 428 98 374 719 130 165 154 321 827 57 604 463 880 504 283 706 518 618 156 626 629 707
71
925 898 885 789 762 400 469 981 323 973 691 395 142 487 294 63 210 532 78 172 412 504 466 520 709 521 613 280 562 58 669
210
956 940 865 669 87 571 992 716 233 288 58 361 813 537 69 322 391 613
157
1000 973 296 825 252 194 193 78 699 119 305 129 58 157 502 687 358 498 889 319 601 741 807 564 846
139
947 568 108 775 162 783 58 387 768 558 495 636 772 89 841 500 124 782 787 872 905 461 602 931
190
914 957 911 840 832 691 690 260 525 841 59 756 66 258 396 354 716 624 417 797 291 107 452
245
971 255 220 59 185 265 127 495 431 894 753 83 160 202 155 390 942 472 331 902 479 217 640 759 532 767 779
239
983 994 430 131 401 562 302 444 228 527 103 611 59 294 340 475 859 389 483 487 488 821 492 595 778 781
133
761 988 781 275 289 59 411 543 317 136 481 303 602 699 538
158
980 974 357 531 61 636 72 142 330 627 183 267 314 596 615 641 567 802 825 121 732 649 884 444 961
54
973 972 965 872 865 861 173 116 61 820 577 404 588 315 775 649 768
47
1000 925 892 836 832 893 799 780 774 721 696 947 289 924 266 882 318 181 123 885 133 616 411 176 678 208 161 339 672 61 343 380 350 397 212 541 400 794 653 471
146
978 893 799 711 927 410 594 115 92 957 205 64 433 339 203 109 62 568 213 103 498 216 296 424 159 441 450 153 576
161
928 904 897 926 236 742 918 182 959 62 887 88 406 415 279 486 586
202
753 916 709 698 738 301 323 179 660 62 359 210 601 764 143 941 826 550 489 558
185
819 774 802 572 564 527 62 436 491 248 523 555 233 143 927 536 329 375 213 397
219
962 827 812 771 737 764 649 619 259 314 446 234 62 713 207 506 871 549 218 540 609
241
843 293 874 263 63 251 69 70 880 645 325 273 555 578 329 789 349 311 264 358 374 474 143 566 182 652
133
907 728 744 697 284 966 214 582 210 722 440 94 95 142 109 63 886 228 458 596 74 271 409 422 563 804 381 310 404 434 447
98
945 881 977 460 299 416 407 591 320 63 361 79 838 127 679 231 532 431 572 687 937 655 724 590 731 631 819
212
971 953 932 870 231 267 589 799 658 375 73 129 740 127 80 116 586 87 64 97 276 320 858 435 237 378 397 702 420
115
917 726 638 543 695 603 534 231 869 64 617 272 295 866 728 590 291 104 357 241 138 184 299
186
320 940 282 506 475 544 935 64 467 335 201 661 126 173 682 541 543 934 253 112 723 869 916 936
166
988 442 126 241 698 326 362 333 615 638 65 686 985 481 491 162 505 292 574 508 945 759 620 808
111
954 915 804 398 167 234 939 65 177 738 794 472 771 492 796 566
142
964 759 557 141 83 130 75 66 388 923 171 328 93 255 114 260 175 128 269 288 295 292 433 117 399 455 550
229
941 887 785 781 508 659 176 66 882 330 81 116 254 331 821 108 269 640 272 494
137
996 558 862 770 655 402 379 373 940 66 676 147 117 205 399 146 238 633 265 175 221 313
231
882 812 804 293 292 94 875 622 986 710 107 931 356 809 395 69 529 801
91
936 934 818 927 674 293 117 162 741 327 602 171 654 412 665 69 552
197
932 896 807 465 189 256 253 220 835 224 109 202 833 81 702 952 764 576 199 487 975 740 508 516 963 70 540 591 615 709 993 758
150
995 241 678 345 911 253 315 798 356 74 90 766 218 359 364 71 165 306 870 695 413 514 575 622 884
222
341 286 80 103 101 376 423 323 71 439 872 261 214 676 488 628 534 930 695 509 374 280 656 728 749
147
382 948 290 394 647 97 71 387 548 101 303 487 171 470 329 467 743 98 883 742 858 482 503 616 721
149
994 910 841 795 358 228 988 137 71 232 377 855 487 870 847 502 636 658 783
65
979 967 668 546 249 899 71 324 298 303 188 305 320 366 637 476 398
148
972 953 790 939 479 180 81 151 360 73 777 271 78 727 221 724 701 218 388 421
44
961 932 917 363 244 336 428 230 184 74 141 94 116 127 448 839 499 527 340 528 605 864 629 641 555 696 952 717
193
957 784 777 699 918 550 187 786 303 74 204 250 103 224 369 323 493 240 184 322
123
899 778 724 681 660 253 627 850 643 76 822 86 469 491 645 323 93 507 777 639
231
971 995 478 525 357 686 316 784 76 499 568 230 136 235 603 695 698 604 627 468 609 722 809 117 963
177
982 955 901 896 500 493 805 419 460 695 879 374 160 932 838 321 76 283 266 625 669 448 683 819 878 737 831 840
66
998 901 992 854 808 603 220 206 261 996 812 720 76 195 494 178 295 432 920 621 575 590
210
975 661 610 588 310 264 77 429 228 342 485 962 594 249 479 648 556 533
43
984 932 804 760 594 560 291 126 511 710 319 792 79 739 532 486 118 326 692 485 660 154 499
215
847 845 405 183 162 80 241 617 271 340 285 407 806 289 430 416 470 321 180 509 992 475 569 579 786 581 837 743
67
905 904 872 609 864 588 869 225 390 411 282 392 539 102 851 391 224 431 587 81 472
228
996 925 910 877 823 427 357 739 81 785 315 156 444 559 463 199 939 281 488 812 248 718 464 505 547 735 875 499 546 638 325 560 711
83
941 830 805 355 200 910 82 129 84 985 387 502 374 446 578 628
175
945 918 872 753 702 696 240 394 836 169 543 82 280 139 662 386 494 676 147 538
46
891 834 821 808 793 214 87 83 264 848 425 121 174 141 394 293 254 301 154 342 756 465 283 518 992 99 616 663 665 688
66
961 845 662 988 659 207 198 290 92 186 83 177 430 168 605 983 137 116 393 346 197 150 729 541 921 310 379 655 463 590 636
204
895 721 719 701 553 423 467 393 288 888 83 132 762 509 524 548 526 549
40
760 759 698 675 532 497 838 447 165 521 176 84 89 801 203 423 489 259 798 154 292 380 312
162
951 917 821 977 930 131 798 626 764 388 693 130 323 737 465 136 780 241 233 186 582 630 684 407 501 689 87 792
197
849 844 762 265 160 881 237 889 567 87 300 132 431 853 715 554 939 686 700
90
957 444 410 171 900 148 539 434 87 181 789 319 517 441 770 793 561 508 837 566 681 710 569 684 711
129
992 989 971 967 876 913 772 727 254 248 592 98 776 682 635 118 486 739 128 178 366 481 431 102 336 477 430 88 135 511 438 626 940 517 590
213
944 829 818 657 650 922 899 623 334 147 285 872 343 585 88 352 681 382 408 468 809 533
167
969 951 949 763 714 684 342 375 251 363 88 209 390 492 887 818 795 657 656 678
116
881 702 615 611 300 575 870 318 88 261 274 481 876 370 825 365 480 567
106
993 738 697 923 762 210 130 846 570 189 689 91 312 926 466 724 379 963 89 434 874 621
68
991 464 305 328 650 233 440 267 786 175 212 166 104 326 232 89 779 648 131 501 505 519 613 720
170
915 890 545 303 809 182 550 118 89 158 849 191 993 147 515 745 134 156 399 931 367 837 790 500 521 880 269 692
208
966 951 945 916 837 348 210 860 296 259 650 997 104 702 244 90 893 188 223 499 454 500 309 356 471 953 201 577 952 623 784 606 645
162
951 863 844 796 769 684 641 113 111 965 827 91 551 257 898 369 236 512 164 578 897 460
140
950 940 558 673 469 429 413 91 149 747 324 211 565 575 629 768 674 489 301 771 886 709 679 867 895
221
866 842 691 201 789 168 882 399 652 663 92 125 941 412 528 574 607
85
882 925 810 794 607 720 451 660 901 625 93 185 645 678 489 650
76
884 817 812 765 752 243 386 239 624 94 974 169 517 291 544 314 728
123
957 861 502 226 775 282 121 547 96 395 315 832 120 606 562 656 710 736 197 761 889 842 672 860 868
196
295 870 257 96 432 135 966 449 120 580 178 131 467 531 173 596 897 788 790 252 816 908 782 923
195
999 819 807 766 481 756 763 96 395 571 850 758 509 325 580 511 954 724
76
937 898 248 317 570 968 310 547 218 589 210 130 97 348 442 217 346 576 162 209 322 880 410 431 949 244 526 809
128
899 799 744 740 170 545 153 98 884 516 549 714 726 358 128 985 433 449
154
870 783 705 701 616 579 556 942 804 620 183 209 651 99 220 407 353 325 463 150 104 426
102
944 774 338 683 941 706 501 911 347 353 111 258 148 102 762 245 371 739 867 397 405 105 434 449 523 737 223 317 740
91
836 733 296 437 210 230 136 278 878 784 102 516 491 247 106 123 405 886 604 729 260 777 844 139 797 957 675 816
206
849 742 737 727 681 260 293 744 698 491 968 784 278 931 103 411 193 308 594 364 427
84
959 933 916 755 724 227 238 165 759 253 104 271 156 133 340 743 559 592
45
996 955 886 848 837 833 174 151 113 205 734 380 396 161 105 575 172 588 494 609 700 525 544 352 493 728 820 388 576
69
894 928 836 767 380 910 335 431 647 486 249 106 474 507 493 745 515 918 550
115
986 949 931 930 768 820 475 294 381 667 824 111 127 559 537 560 670 619
168
984 939 923 903 549 273 687 512 436 432 363 387 943 708 191 284 583 553 591 167 684 746 774 785 767 814 111 863
169
870 788 735 660 678 609 932 449 221 524 133 113 676 262 427 668 254 438 130 291 178 293
111
927 781 566 441 142 404 113 548 755 262 558 699 574 715 246 919 637 163 821 586 720 819 725 898
165
963 760 708 670 430 199 245 165 908 264 113 550 347 445 224 592
63
925 837 799 775 660 659 227 115 876 324 303 233 198 869 340 967 461 585 631 650
168
844 670 577 679 564 560 921 231 635 198 617 295 719 328 115 258 335 429 314 708 524 455 481
216
921 597 500 540 494 272 117 881 214 814 239 124 512 328 598 483 414 460 334 504 343 406
80
980 409 502 824 523 215 560 961 397 328 375 118 900 308 392 768 860 405 567 572 600 621 718 735 770
194
993 957 954 937 644 798 797 777 118 346 783 917 802 513 283 858
33
911 836 722 983 270 686 226 829 369 227 749 634 121 987 550 131 406 372 531
71
957 732 740 625 524 266 121 929 492 308 560 238 392 664 480 769 309 568 338 724 241 448 416
151
976 884 881 997 762 823 306 304 281 309 125 254 127 220 136 366 272 669 387 958 206 889 325 611 376 491 416 485 475 545 639 655
114
997 977 1000 859 408 690 381 305 391 438 645 141 130 214 536 341 858 257 534 725 190 566 541 635 618 664 689
57
977 969 354 423 653 342 429 130 751 330 192 721 303 290 911 301 501 262 638 686 688 792 902 675 910
241
908 596 480 825 871 542 772 544 168 536 131 835 177 294 869 681 889 842 169 686 765 880 786 787 463 839 862 845
235
977 974 959 855 833 699 587 542 761 209 319 272 134 290 389 877 785 302 344 185 461 857 512
69
921 858 764 752 716 662 339 992 569 227 189 765 154 138 546 170 285 450 588 956 439 164 647 175 566 513 537 606 785 550 586 538 632
121
776 315 755 373 875 208 933 151 144 558 540 632 998 929 676 909 633
36
943 893 298 413 280 259 765 811 838 277 230 203 303 162 256 440 263 310 356 540 365 382 561 145 615
131
969 808 916 399 238 394 345 575 272 297 444 585 154 458 270 776 449 459 192 286 474 524 531 613 846 705 645
187
990 973 572 475 383 335 772 173 944 239 883 205 249 558 276 254 583 721 624 670 739 723 892 902 931 942
120
955 867 837 823 781 767 310 673 176 693 373 303 861 700 470 865 313 635 458 642
171
953 952 937 902 854 702 347 655 961 179 381 852 346 522 276 474 628 422 527
169
901 845 834 968 715 669 248 215 589 181 222 781 390 344 757 182 435 366 571
154
995 903 725 359 329 648 193 297 986 779 434 508 706 822 316 592 685
112
996 962 938 763 852 737 325 215 293 711 288 876 278 401 632 676 466 664
202
