499
500
452 429 413 446 471 431 496 470
995
401 478 499 488
976
425
980
489 479 424 410 469 457 420 437 474 423
956
441 430 446
992
442 411 488 409 426 417 453 466
982
454 495 467 464 417 481
957
484 434 424 417 477 485 420 432
961
424 407 496 425 405
988
428 452 479 480 445 467
963
496
995
466 400 417 401 456 485 443 490
998
490 439 493 460 406
953
426 492 482 417 468 414 462 467 435 493
956
409 480 474 452 478 457 421 499 406
998
424 431 469 403 474
992
436
971
474 413 426 489
950
444 429 402 472 419 415 441 483 416
982
443
967
416 439 477 457 475 461 472 414
970
416 470 482 452 464 466 431
989
475 466 430 449 452
951
478 471 422 446 480 441 491 406 449 436
951
434 410 437 491
995
436 420 485 443
971
427 490 430 497
976
434 471 468 498 437 452 407 453 413 476
993
418 473 492
990
425 426 479 405
990
491 479 494 453 413 407 449 456 483 488
954
449 450 464 413
984
409 498 450 434
960
437 426 436
986
418 466 485 414 403 419 411 470 467
958
482 442 498 474 423 426 462 429
969
455 472 429 445 474 428 451 448 499 410
975
482 491 426 407 454
951
475 402 484 405 425
977
428 459 411 429 413
979
448 456 413 400
981
433 445 448 413
952
416 421 471 495 499 489 498 497 448
968
406 413 470
981
478 435 428 471 424 410 474 465 491
991
439 455
955
450 416 489 457 423
958
432 438 458 428 460 414 437 457
965
458 496 404 450 431 447 403 474 437 464
999
407 439 404 468 451 485 409 413 466 437
998
497 492 426 454 405 480 474 432 465
980
468 474 497 482 405 461 411 492 440 481
994
467 455 410 490 444
967
457
995
464 446 479 442
994
443 422 417 494 407 474 485 457
986
468 412 414 434 437 495
983
438 464
959
409 451 499 454
967
405 459 411 432 448
997
480 437 439 488 459 406 479 429 491
991
427 485 453 405 472 430 487
971
477 435 422 475 498 427
987
477 401 473 426 444 462 458 486 494
981
492
962
459
975
417 412 403
966
491 461 493 465 454 487 482 468
996
479 409 451 444 470
994
458 423
992
467 460 433 447 469 429 426 450
964
469 405 435 482 449 473 458 457
953
452 455 420 428 478 407 482 417 418
955
480 454 431 425 414 439 496 450
963
446 491 419 449 454 484 421 400 477
993
477 494 432 485 406 400 465 452 418
986
474 430 489 495 439 460 490
974
464 491 417 448 486 468 467
976
424 462 431 488 401 428 405 422 410 418
996
427 482
981
482 462 467 412
980
458 447 471
996
474 417 488 411 455 471
982
467 489
960
486 477 496 469 492 446 407
981
472 430 433 408 425 404 403
957
425 447 433 463
977
450 486 405 491 487 415 485 416
952
447 420 445 484 469 495
985
449
953
407 445 442 469 476 452 472
959
448 459 452 456
960
476 412
970
421 456 455 470
956
418 465 405 496 489 429 442 446 469 401
954
473 455 416 468 471 472 400 401 439 444
979
419 467 446
974
468 408 446
993
463
961
450 499 440
992
362
964
339 378 303 381 329 333 392 321 384 343
983
305 369 335
955
355
959
367 319 380 349 335 392
962
346 326 340 359 390 360 300 307 313
966
349 350
997
369 320 308 375 311 378 395 307 316 364
958
325 327 389
969
353 314 334 382 373 396
968
380 398 361 316 343 362 307
958
379 326 314 344 315 325 331 368 329 372
976
326 339 300 331
961
320 349
985
318 391 393 363
957
307
955
312 398 399 322
993
336
964
383 336 380 372 346 300 342 374
986
313 325 315 384 334 341 320
956
306 357 373 324 308 352 370 344 359
995
321 328 352 359 343 393 340 350
979
340 305 389
995
382 358
970
342
957
332 355 369
983
308 386 377 362 398 363 328 321 397 324
953
345 385 367 363 323 327 377 364
967
379 341 343 330
978
315 398 326 356 373 382 357 329 311 390
952
393 383 357 310 311 344
984
359 377 353 303 340 398 374
997
302 318
954
319 301 338 325
957
372 333 351 313 301 364 305 303 344
950
364 328 312 324 361
962
348 346 394 378
992
353 366 357 303 340 365 376
998
347 312 355 307 384 382 304 351
999
366 340 364 383 311 368 302
970
347 345 352 307 331 373 355 301 370
981
391 312 340 380 332
972
393 343 363 335 386 314 310 302 362 325
981
322 329 302 325 346 392
965
317 385 320 300 361 343 312
984
341
966
311 364 383 367 302
987
321 308 310 364 380 304
991
388 392
962
303 347 397 389 322 368 365 390
989
301 348 342 394
970
366 374 385 373 321 343 340 357 323 392
987
323 390
964
316 306 322
952
389 397 340 390 362 354 348 374 327 375
983
314 312 302 350 397 372 301
957
357 356 396
969
325 302 384 366 369 348
998
337 380 331 356 308
992
341 387 349
999
334 313 391 310 341 363 375 352 316 378
994
355 327
965
326 385
982
325 330 316 389 309 326 387 314 385 346
952
313
951
346 319 374 389 375 316
963
310 320 369 305 367 326 304
971
336
965
376 349 370 338 390
953
397 342 305 322 350 377 348 392
996
325 387 305 304 329 394 340
998
399 311 324 345 383 300 359
975
329 372 352 320 309 311 333 379 363 361
968
367 308 325 352
985
346 372 352 333
976
358 340 323
992
396 372 309 343 303 342 380 389 313
989
311 371 351 353 310 339 313 330 388
950
376 332
990
368 322 306 301 391 303 339 305
975
312 304 380
978
341 307 365 329 301 354 396
957
367 302
966
328 365 376
965
375 383 391 324 368 378 316 306 352 385
996
385
987
328 318 305 382 381 343 392
961
328 339 370 392 314 362 337
962
365
978
351 350 353 363 318 395 307 342 385 398
954
313 386 329 320 360 382 324 336 396
990
351 326 381 309 386 359 321 332 380 323
961
336 340 356 363 301
960
317 316 386 315
989
309 363
971
399
973
343 376 323 361 381 383 358 359
989
301 354 390
961
310 372 307 344 315 300 351 303 367
981
378 354 368 336 394 392 397 371 384
951
217 238 281 225 245
951
206 232 218
958
251 216 202 238 260 220
984
213 265 237 206 285 222 250 210
960
224 288 200 281 203
974
243 249 212 262 203 299 270
962
213 247 229 239 238
978
290 227
955
289 291 206 231 248 218 236 268 262 235
978
225 229 275 271 231 226 243 263 256
994
222 285 245 250 287 233
957
287 237 247 245 229 228 236 244
962
245
970
217 281 237 211 207
977
254 297
978
281 285 215 264 204 217
955
216
971
269 224 215 203 268 260 263
964
230 245 280 220 290 237 291 206 241 288
962
287 258 208
974
204 278 259 267 211 223 273
970
216 275 289 292 261 272 248
993
283 294
985
242 220 243 221 250 234 276 231 263 238
997
225
958
297 299 222 236 200 224 294 296 210
986
215 222 298 244 251 202 249 216 280
972
201 285 280 257 238 248 229 235
992
244 232 261
999
265 226 204 285 227 256
973
227 284 236 207 230 298 232 249 291 260
957
296 224
998
240
968
288 276
956
293 254 200 236 288 284 218
957
247 285 260
987
274
955
286 251 203 217 223 261
995
211 239
975
214 288 274
982
202 284 250
996
297 265 286 242 237
986
224 271
978
241 226 244 223 217 251 213 287
991
291
954
225 208 205 264 232 222
970
288 208 268 244 276 205 221 298
991
258
987
290 243 272 200
994
215 208 244 265 291 267 262 271
974
236
994
267 274 212 261 246 222 216 237 259
961
229 282 222 224 273 239
963
255 206 295 237
979
283 264 255 212 227 222 281 294
999
271 269 284 290 273 292 225
992
257
975
290 260 275 266 284 216 203 232 212 209
955
238 221 282 249 288 265 245
986
208 292 206 281 222 233
965
290 293 246
980
230 255 212 225 282
961
203
963
247 224 232 254 294 244 238 213 215 229
977
242 219 279
956
262 267 240 251 218 254 207 255
988
229 212 263 239
963
264 234 211 258 254 274
989
286 278
998
270 245 259 216 278 224 202 267
974
221 214 293 278 289 267
983
223
969
275 204
997
273 263 292 231
972
281 238 267 256 284 231 225 246 242
970
214 272 254 236 235
997
215
968
247 283 202 223
995
259 251 245 291 266 237 262
968
253 216 286 207
973
222
999
216 207
990
275 263 218 210 259 248 237
968
281 274 289 203 251 249 226 268 266 252
982
240 231 258 286 215 220 245 227 201
994
223 252 244 265 213 251 222 258 207 206
972
261
978
217 232 264 258 255 235 265 211 224
971
242 208
991
268 292
989
235 269 272 207 287 216
966
233 268
994
240 218 208 255 211 285 251
979
272
955
267 299 201 233 259 272
988
283 214 272 281 215 236 280 238 284 277
968
251 292 269 273 217 290 259 268
984
296 200 201 293 252 267
993
222 230 240 226 235
987
239 224 255 216 201 247 257 284 233 202
995
143 119 189 109 183 191 180
996
198
992
194 115
984
163 169 110 107 160
965
196 183 192 132 157 155 143 101
974
170 146 126
962
189
970
118 184 198 142 127 140
980
149 139
990
188 130 169 142 109
989
143 173
962
190 123 106
999
104 107 138 195 166 125 194 105 193
951
138 171 135 106 131 162 101
971
120 111 183 193 191 171 194
974
137 118 158 172 109 131 160 135 139
983
100 146 160 127 177
959
193 104 143 161 171 197
992
166 108 107 138
976
108
963
167 160
970
132 170 105
980
166 116
960
119 196 170 100 130 103
994
187 128 178 188
978
162 127 137 149 152 161 174
997
135 189 173 163 174 145 157
967
145 119 113 153 156 140 112 125 158
995
131 189 145
995
105 196 169 154 188 113 101
980
189 180 174 183 187 198 126
954
196 102 198 195 178 138 148
962
177 141 148 186 132 126 164 168 194
958
162 160 119
963
186 106
982
199 152 174
983
189 176
961
165 180 120 181 124 166
989
176 157 155 189 121 132 169
970
153 196 124 184 123 134 178 194 130
977
184 165 175 156 147 170 133 158
972
119
992
177 104 159 115 171 106
990
172 158 190 183
977
109 142 185 165 124
970
197 186 113 122 190 126
997
107 110 160 170 152 149 198 150 112
998
136 121 172 187 199
965
117 187
967
136
996
159 142 161 122 143 146
952
166 170 189 191 146 155 175 101
980
158 152 149 120 178 168
970
113 149 155 136 120 132 173 130 189 153
964
100 168 143 136 137 194 147
977
166 139 125 101 157 142
992
167 142 136 174 178 125 132
963
103 191 119 124 187 129 148 176
989
184 145 135 129 108 115 111 193
960
186 159 120 104 179 117 101
993
132 190 178 123 180 138 113 142 149 195
965
164 146 163
995
167 163 161 115 178 113 171
996
123 146
964
147 168 184 142 192 169 128 102 199
967
140 152 178 118 142 124
956
101 132 149 141 122 123 108 137 177 103
959
114 184 141 174 139 176 171
975
189
963
100 107
987
124 177
953
181 129
992
110
968
125 163 183
978
194 174 113 195 106 198 121 196
970
174 142
971
116 198
954
163 178 105 195 151
962
146 172 137 186 173
957
186 156 107
967
150 122 144 178 146 152 193
993
106 108 189 180 164 198 140
950
111
957
186 138 112 192 144 108
998
131 106 168
966
182 184 132 121 162 155 174 173 147
990
165 102 187 125 140
987
164 194 114 165 135 120 168 106 199 139
977
106
985
191 118 135 193 132 158 196 163 175
987
183 114 179 150 120 111 182 171
961
161 108 125 113 167 140
988
162 116 147 104
950
158 105 176 166 134 130 140 149 179 186
970
138 115 160 179 198 172 186
953
175 142 110 134 108 104 178 188
988
171 186 133 112
951
170 159 180 137 167 101
985
113 110 150 162 178 132 177 157 173 134
961
157 146 156 154 153 182
956
15 86 85 89 38 55 81 12 18
975
76 73 62 98 30 20 58 15 18 13
985
90 76 95 47 98 45 61
950
18 79 92 50 1 77 96 80 36
956
46 19 43 66 98
997
24 20 47 56
952
29 73 99 15 84
959
71 39 86 55 81 28
982
81 11 56 7
980
50 61 34 64 46
979
34 42 60
998
35 68 87 75
956
87 8 86
982
56
985
31 23 67 73 48 86 87 65 20
997
69 81 68 33
996
19 67 53 97 75 66 9
962
22 2 48 52 38
973
39 64 70 66 99 81 56 40
973
33 57 6
957
82 63
967
76 3 94 93 1 36 98
963
1 21 51 30 71 99 89
977
41 26
994
94 19 49
953
82 97 57 37 94 9 2
992
24 91 34 17
989
86 26 22 51 92 59 95 53 20 28
963
16 26 23 24 95
991
31 40 64 74
997
57
973
88 64 91 19 98 43 51 95 47 30
993
68 34 39 20 19 69 51 85 31
968
84 79 94 23 38 25 9 24
959
21 79 73 35 70
972
3
993
39 55 75 20 97 25 80 61 26
974
49
994
74 28 23 5 31 62
967
36 77 71
986
26 88 90 35 66 14 62 25
965
74 20 45
979
11
965
62 30 73 1
991
41 98 70 69 96 52 24 43
982
8
981
99 11 63 95 26 13 18 46
954
17 10 83
968
42 80 83 71 36 59 40 79 23
978
7 63 74 99 6 60 69 58 13 45
951
3 2 44 55 27 22 93 1 60 91
990
36
985
32 62 28 59 95
982
70
999
61 15
957
59 32 19 93 33 66 87
973
71 70
973
96 17 7 52 1 69 76 4
956
72 95 70 89
976
58 31 86 90 32 61 62 76
959
5 92 4 48 57 79 76 55 90 71
993
76 65 19 25 22 63 24 15 94
958
90 60 11 24
989
60 70 46
989
36 7 38 74 83 37 91 81 82 86
965
93 21 64 26 13 74 30 8
983
17 49 76 27 35 98
958
91 1 71 19 94 26
953
39 56
961
38 49 2 18
969
17 84 99 16 90 81 3 7 14 91
979
20 62
988
40 88 62 54 24 5 36 99 73
963
68 15 77 85 48 32
989
82 98 50 59 8 45
968
55
999
84 1 63 12 72 77 6
960
91 50 53
973
10 56
968
56 24 61 15 28 67 22 43 82 17
991
44 16 36 72 42
976
73 45 54 25 56 46 29 20 22 49
996
62 2 98 34
965
20 18 48 92
997
55 98 72
960
67 73 1 42 5 49 26 55
998
78
973
99 95
992
98 26 68 81 38 47 4 25 95
975
86 41 87 95 5 31
977
16 77 44 42 90
967
53 58 12 83 55 89 26 43
966
44 7 35 50 93 11 9 89 99 14
963
3 59 37 5 60 71 14
985
36 56
993
72 49 88 92 83 87 4 48 28 33
968
62 84 73 15 70 27 94
969
62 45 88 5 3
971
38 80 89
962
74
974
