1000
425
1 2 3
15
4 5 6
20
7 8 9 10
26
1 2 3 4 5 6 7 8 9 10
70
1 2
3
3 4
2
9 7 2
4
10 15 32
4
12 11
3
41 8 19 22
4
40 41 42 43 121 8 19 22
20
1 2 111 3 4
21
9 7 2 110 123 89
15
1 2 3 4 5 6 7 8 9 10 11 12 13 14 15 16 17 18 19 20 21 22 23 24 25 26 27 28 29 30 31 32 33 34 35 36 37 38 39 40 41 42 43 44 45 46 47 48 49 50 51 52 53 54 55 56 57 58 59 60 61 62 63 64 65 66 67 68 69 70 71 72 73 74 75 76 77 78 79 80 81 82 83 84 85 86 87 88 89 90 91 92 93 94 95 96 97 98 99 100 101 102 103 104 105 106 107 108 109 110 111 112 113 114 115 116 117 118 119 120 121 122 123 124 125
1000
126 127 128 129 130 131 132 133 134 135 136 137 138 139 140 141 142 143 144 145 146 147 148 149 150 151 152 153 154 155 156 157 158 159 160 161 162 163 164 165 166 167 168 169 170 171 172 173 174 175 176 177 178 179 180 181 182 183 184 185 186 187 188 189 190 191 192 193 194 195 196 197 198 199 200 201 202 203 204 205 206 207 208 209 210 211 212 213 214 215 216 217 218 219 220 221 222 223 224 225 226 227 228 229 230 231 232 233 234 235 236 237 238 239 240 241 242 243 244 245 246 247 248 249 250
1000
251 252 253 254 255 256 257 258 259 260 261 262 263 264 265 266 267 268 269 270 271 272 273 274 275 276 277 278 279 280 281 282 283 284 285 286 287 288 289 290 291 292 293 294 295 296 297 298 299 300 301 302 303 304 305 306 307 308 309 310 311 312 313 314 315 316 317 318 319 320 321 322 323 324 325 326 327 328 329 330 331 332 333 334 335 336 337 338 339 340 341 342 343 344 345 346 347 348 349 350 351 352 353 354 355 356 357 358 359 360 361 362 363 364 365 366 367 368 369 370 371 372 373 374 375
1000
376 377 378 379 380 381 382 383 384 385 386 387 388 389 390 391 392 393 394 395 396 397 398 399 400 401 402 403 404 405 406 407 408 409 410 411 412 413 414 415 416 417 418 419 420 421 422 423 424 425 426 427 428 429 430 431 432 433 434 435 436 437 438 439 440 441 442 443 444 445 446 447 448 449 450 451 452 453 454 455 456 457 458 459 460 461 462 463 464 465 466 467 468 469 470 471 472 473 474 475 476 477 478 479 480 481 482 483 484 485 486 487 488 489 490 491 492 493 494 495 496 497 498 499 500
1000
501 502 503 504 505 506 507 508 509 510 511 512 513 514 515 516 517 518 519 520 521 522 523 524 525 526 527 528 529 530 531 532 533 534 535 536 537 538 539 540 541 542 543 544 545 546 547 548 549 550 551 552 553 554 555 556 557 558 559 560 561 562 563 564 565 566 567 568 569 570 571 572 573 574 575 576 577 578 579 580 581 582 583 584 585 586 587 588 589 590 591 592 593 594 595 596 597 598 599 600 601 602 603 604 605 606 607 608 609 610 611 612 613 614 615 616 617 618 619 620 621 622 623 624 625
1000
626 627 628 629 630 631 632 633 634 635 636 637 638 639 640 641 642 643 644 645 646 647 648 649 650 651 652 653 654 655 656 657 658 659 660 661 662 663 664 665 666 667 668 669 670 671 672 673 674 675 676 677 678 679 680 681 682 683 684 685 686 687 688 689 690 691 692 693 694 695 696 697 698 699 700 701 702 703 704 705 706 707 708 709 710 711 712 713 714 715 716 717 718 719 720 721 722 723 724 725 726 727 728 729 730 731 732 733 734 735 736 737 738 739 740 741 742 743 744 745 746 747 748 749 750
1000
751 752 753 754 755 756 757 758 759 760 761 762 763 764 765 766 767 768 769 770 771 772 773 774 775 776 777 778 779 780 781 782 783 784 785 786 787 788 789 790 791 792 793 794 795 796 797 798 799 800 801 802 803 804 805 806 807 808 809 810 811 812 813 814 815 816 817 818 819 820 821 822 823 824 825 826 827 828 829 830 831 832 833 834 835 836 837 838 839 840 841 842 843 844 845 846 847 848 849 850 851 852 853 854 855 856 857 858 859 860 861 862 863 864 865 866 867 868 869 870 871 872 873 874 875
1000
876 877 878 879 880 881 882 883 884 885 886 887 888 889 890 891 892 893 894 895 896 897 898 899 900 901 902 903 904 905 906 907 908 909 910 911 912 913 914 915 916 917 918 919 920 921 922 923 924 925 926 927 928 929 930 931 932 933 934 935 936 937 938 939 940 941 942 943 944 945 946 947 948 949 950 951 952 953 954 955 956 957 958 959 960 961 962 963 964 965 966 967 968 969 970 971 972 973 974 975 976 977 978 979 980 981 982 983 984 985 986 987 988 989 990 991 992 993 994 995 996 997 998 999 1000
1000
126 127 128 129 130 131 132 133 134 135 136 137 138 139 140 141 142 143 144 145 146 147 148 149 150 151 152 153 154 155 156 157 158 159 160 161 162 163 164 165 166 167 168 169 170 171 172 173 174 175 176 177 178 179 180 181 182 183 184 185 186 187 188 189 190 191 192 193 194 195 196 197 198 199 200 201 202 203 204 205 206 207 208 209 210 211 212 213 214 215 216 217 218 219 220 221 222 223 224 225 226 227 228 229 230 231 232 233 234 235 236 237 238 239 240 241 242 243 244 245 246 247 248 249 250
1000
251 252 253 254 255 256 257 258 259 260 261 262 263 264 265 266 267 268 269 270 271 272 273 274 275 276 277 278 279 280 281 282 283 284 285 286 287 288 289 290 291 292 293 294 295 296 297 298 299 300 301 302 303 304 305 306 307 308 309 310 311 312 313 314 315 316 317 318 319 320 321 322 323 324 325 326 327 328 329 330 331 332 333 334 335 336 337 338 339 340 341 342 343 344 345 346 347 348 349 350 351 352 353 354 355 356 357 358 359 360 361 362 363 364 365 366 367 368 369 370 371 372 373 374 375
1000
376 377 378 379 380 381 382 383 384 385 386 387 388 389 390 391 392 393 394 395 396 397 398 399 400 401 402 403 404 405 406 407 408 409 410 411 412 413 414 415 416 417 418 419 420 421 422 423 424 425 426 427 428 429 430 431 432 433 434 435 436 437 438 439 440 441 442 443 444 445 446 447 448 449 450 451 452 453 454 455 456 457 458 459 460 461 462 463 464 465 466 467 468 469 470 471 472 473 474 475 476 477 478 479 480 481 482 483 484 485 486 487 488 489 490 491 492 493 494 495 496 497 498 499 500
1000
501 502 503 504 505 506 507 508 509 510 511 512 513 514 515 516 517 518 519 520 521 522 523 524 525 526 527 528 529 530 531 532 533 534 535 536 537 538 539 540 541 542 543 544 545 546 547 548 549 550 551 552 553 554 555 556 557 558 559 560 561 562 563 564 565 566 567 568 569 570 571 572 573 574 575 576 577 578 579 580 581 582 583 584 585 586 587 588 589 590 591 592 593 594 595 596 597 598 599 600 601 602 603 604 605 606 607 608 609 610 611 612 613 614 615 616 617 618 619 620 621 622 623 624 625
1000
676 677 678 679 680 681 682 683 684 685 686 687 688 689 690 691 692 693 694 695 696 697 698 699 700 701 702 703 704 705 706 707 708 709 710 711 712 713 714 715 716 717 718 719 720 721 722 723 724 725 726 727 728 729 730 731 732 733 734 735 736 737 738 739 740 741 742 743 744 745 746 747 748 749 750 751 752 753 754 755 756 757 758 759 760 761 762 763 764 765 766 767 768 769 770 771 772 773 774 775 776 777 778 779 780 781 782 783 784 785 786 787 788 789 790 791 792 793 794 795 796 797 798 799 800
1000
801 802 803 804 805 806 807 808 809 810 811 812 813 814 815 816 817 818 819 820 821 822 823 824 825 826 827 828 829 830 831 832 833 834 835 836 837 838 839 840 841 842 843 844 845 846 847 848 849 850 851 852 853 854 855 856 857 858 859 860 861 862 863 864 865 866 867 868 869 870 871 872 873 874 875 876 877 878 879 880 881 882 883 884 885 886 887 888 889 890 891 892 893 894 895 896 897 898 899 900 901 902 903 904 905 906 907 908 909 910 911 912 913 914 915 916 917 918 919 920 921 922 923 924 925 926 927 928 929 930 931 932 933 934 935 936 937 938 939 940 941 942 943 944 945 946 947 948 949 950 951 952 953 954 955 956 957 958 959 960 961 962 963 964 965 966 967 968 969 970 971 972 973 974 975 976 977 978 979 980 981 982 983 984 985 986 987 988 989 990 991 992 993 994 995 996 997 998 999 1000
1000
50 51 52 53 54 55 56 57 58 59 60 61 62 63 64 65 66 67 68 69 70 71 72 73 74 75 76 77 78 79 80 81 82 83 84 85 86 87 88 89 90 91 92 93 94 95 96 97 98 99 100
15
51 52 53 54 55 56 57 58 59 60 61 62 63 64 65 66 67 68 69 70 71 72 73 74 75 76 77 78 79 80 81 82 83 84 85 86 87 88 89 90 91 92 93 94 95 96 97 98 99 100 101
15
52 53 54 55 56 57 58 59 60 61 62 63 64 65 66 67 68 69 70 71 72 73 74 75 76 77 78 79 80 81 82 83 84 85 86 87 88 89 90 91 92 93 94 95 96 97 98 99 100 101 102
15
53 54 55 56 57 58 59 60 61 62 63 64 65 66 67 68 69 70 71 72 73 74 75 76 77 78 79 80 81 82 83 84 85 86 87 88 89 90 91 92 93 94 95 96 97 98 99 100 101 102 103
15
54 55 56 57 58 59 60 61 62 63 64 65 66 67 68 69 70 71 72 73 74 75 76 77 78 79 80 81 82 83 84 85 86 87 88 89 90 91 92 93 94 95 96 97 98 99 100 101 102 103 104
15
55 56 57 58 59 60 61 62 63 64 65 66 67 68 69 70 71 72 73 74 75 76 77 78 79 80 81 82 83 84 85 86 87 88 89 90 91 92 93 94 95 96 97 98 99 100 101 102 103 104 105
15
56 57 58 59 60 61 62 63 64 65 66 67 68 69 70 71 72 73 74 75 76 77 78 79 80 81 82 83 84 85 86 87 88 89 90 91 92 93 94 95 96 97 98 99 100 101 102 103 104 105 106
15
57 58 59 60 61 62 63 64 65 66 67 68 69 70 71 72 73 74 75 76 77 78 79 80 81 82 83 84 85 86 87 88 89 90 91 92 93 94 95 96 97 98 99 100 101 102 103 104 105 106 107
15
58 59 60 61 62 63 64 65 66 67 68 69 70 71 72 73 74 75 76 77 78 79 80 81 82 83 84 85 86 87 88 89 90 91 92 93 94 95 96 97 98 99 100 101 102 103 104 105 106 107 108
15
59 60 61 62 63 64 65 66 67 68 69 70 71 72 73 74 75 76 77 78 79 80 81 82 83 84 85 86 87 88 89 90 91 92 93 94 95 96 97 98 99 100 101 102 103 104 105 106 107 108 109
15
60 61 62 63 64 65 66 67 68 69 70 71 72 73 74 75 76 77 78 79 80 81 82 83 84 85 86 87 88 89 90 91 92 93 94 95 96 97 98 99 100 101 102 103 104 105 106 107 108 109 110
15
61 62 63 64 65 66 67 68 69 70 71 72 73 74 75 76 77 78 79 80 81 82 83 84 85 86 87 88 89 90 91 92 93 94 95 96 97 98 99 100 101 102 103 104 105 106 107 108 109 110 111
15
50 51 52 53 54 55 56 57 58 59 60
6
120 135 177 193 229 238 239 258 279 290 296 304 381 409 422 424 482 488 532 538 561 583 594 611 648 649 719 787
26
116 148 194 223 245 254 256 266 333 339 384 421 432 433 436 479 489 496 519 592 593 629 664 668 681 703 708 758 764
49
132 171 179 184 191 245 279 327 351 355 357 378 452 463 473 512 524 530 566 591 593 628 665 696 697 699 790
11
137 171 182 229 260 290 306 317 320 327 342 344 360 399 400 423 451 470 496 550 573 587 590 600 616 648 676 704 738
49
135 166 190 214 255 263 274 292 382 388 403 404 405 489 516 524 572 616 623 657 677 731 747 767 768 770 771
33
139 142 150 164 174 202 255 278 339 349 354 367 445 455 456 458 488 495 514 533 545 602 604 666 705 719 725 748 773 774
9
132 141 182 201 209 316 375 390 400 403 405 409 429 441 453 484 501 522 530 554 663 668 681 703 721 723 735 758 800
24
129 182 193 205 210 246 257 274 277 299 315 328 346 415 448 460 475 492 551 555 620 623 653 681 689 693 704 724 783 785
16
126 130 172 176 180 243 275 342 343 349 354 357 397 405 427 451 468 483 551 559 597 602 617 676 716 726 760 765 775
1
125 144 170 206 215 259 280 299 322 328 345 354 382 441 453 473 496 505 519 534 558 568 580 585 708 732 748 758 782
49
161 194 200 214 218 309 313 339 355 404 417 421 480 485 520 522 523 569 571 573 592 597 606 614 623 639 641 656 683 779
42
125 154 177 196 203 225 248 286 298 332 354 367 381 383 427 441 550 552 562 575 630 645 650 662 680 747 759 764 796
29
160 164 168 180 214 227 255 258 263 270 275 296 379 389 398 403 408 425 474 493 524 528 536 552 596 606 631 643 654 760
28
112 115 183 233 252 315 329 365 389 403 430 439 467 533 552 553 563 640 654 669 676 694 721 731 737 764 766 773
27
149 152 174 176 185 231 242 243 295 296 299 306 383 404 412 421 430 436 459 501 536 546 548 561 611 633 670 684 720 798
3
133 136 175 216 219 251 270 283 291 318 324 325 326 332 340 350 392 431 438 447 472 480 485 507 552 558 578 740 780
24
140 167 207 222 244 264 269 285 324 343 368 380 395 400 440 485 501 507 513 592 601 620 633 634 662 712 721 735 763 776
29
122 136 141 158 187 193 270 283 288 303 304 310 313 319 328 347 373 399 423 441 445 529 551 574 665 680 690 696 739 771
29
168 195 229 246 307 322 335 351 364 387 393 430 431 448 451 475 497 524 525 563 567 606 613 704 707 719 725 730 768 772
35
145 155 158 168 226 229 232 273 287 301 312 320 321 346 352 443 519 574 619 638 654 659 686 710 725 761 764 774 777 783
48
118 121 140 143 148 176 196 199 229 279 286 349 366 392 416 438 443 471 511 530 578 579 624 635 657 690 714 730 782
23
129 139 207 222 274 315 443 458 468 471 507 514 528 541 557 559 577 581 591 653 667 704 737 767 778 781 797
29
120 153 160 178 212 214 240 251 291 310 317 383 409 419 443 444 450 471 480 564 565 583 591 595 617 662 664 677 694 763
40
139 140 146 147 204 208 248 283 315 333 347 359 367 395 420 433 448 476 488 503 506 512 536 619 629 645 689 722 728 737
4
160 189 191 206 233 289 299 306 310 349 353 359 361 391 456 457 463 518 550 552 580 586 592 615 644 751 758 781 788
11
175 176 187 205 249 274 276 287 298 370 398 402 405 442 482 483 498 532 533 547 595 601 658 671 672 691 695 719 748 794
37
119 174 188 255 304 317 331 332 363 369 380 390 395 409 431 492 508 565 582 588 602 610 650 686 703 711 714 723 783
4
114 135 148 153 184 264 278 300 318 347 355 357 387 400 402 439 483 488 537 574 630 690 706 711 714 729 758 781 787
44
118 194 260 272 280 291 295 310 326 329 403 431 442 465 501 543 561 587 607 646 682 698 707 725 734 741 775 790 795
41
154 192 198 267 286 299 304 350 365 404 413 429 468 472 479 523 524 573 606 623 637 662 688 712 715 735 759 764
30
171 188 198 225 257 274 296 322 324 365 396 450 451 453 457 478 494 495 499 503 549 616 686 710 756 774 780 789
14
154 163 185 231 235 242 262 272 278 285 299 327 338 364 382 395 408 412 437 473 475 489 540 579 601 646 659 710 732 758
28
159 198 290 294 355 407 487 494 501 509 511 583 593 595 598 606 615 630 661 687 690 698 706 710 729 747 753 768
17
142 166 169 181 236 264 312 320 356 377 403 414 417 436 456 461 464 466 498 540 557 596 607 610 627 635 700 706 753 794
13
130 144 145 146 147 175 249 258 286 301 337 418 470 495 511 586 592 594 595 601 667 676 695 727 741 750 766 786 797
45
166 172 181 182 186 228 335 340 354 362 394 401 419 420 460 500 501 546 583 587 604 605 626 632 651 679 702 729 742 778
42
116 122 131 185 188 265 301 342 360 384 431 434 469 476 509 520 526 528 553 558 560 571 584 629 671 695 719 722 793
5
121 161 178 187 191 194 212 238 292 296 318 450 464 466 477 479 487 488 515 538 593 607 654 656 690 713 723 726 741 759
3
128 139 141 183 189 230 231 268 302 303 322 386 431 487 488 498 518 520 541 570 580 622 626 647 649 701 718 728 745 799
7
129 137 176 185 195 216 226 232 251 320 328 345 348 363 366 383 396 410 462 469 498 526 558 567 572 604 633 660 699 793
7
115 159 162 193 200 203 222 285 327 335 345 353 373 449 480 485 533 534 580 593 596 606 610 611 624 647 667 696 731 754
26
150 174 198 223 249 301 313 372 378 387 408 412 413 418 420 427 472 474 511 537 574 576 612 613 658 661 714 717 724 750
32
124 141 144 241 249 256 260 261 272 280 340 362 379 381 421 424 467 539 552 613 627 630 659 703 723 725 757 762 763 768
27
141 164 178 192 195 233 263 276 335 362 391 432 456 463 466 524 553 577 586 589 593 600 609 624 650 688 707 744 772
6
170 193 227 246 258 267 288 290 297 360 387 389 431 438 466 481 490 515 531 546 586 606 661 697 700 715 738 770 793
19
112 190 196 213 219 233 342 343 366 414 428 446 469 502 512 514 523 528 576 597 602 645 648 692 714 735 744 770 788 793
24
117 121 127 129 156 187 222 249 255 263 285 356 379 382 409 432 463 509 533 544 553 560 561 607 627 698 718 723 733 761
4
130 147 159 164 167 209 218 232 260 416 430 497 506 546 571 588 599 606 607 632 652 657 658 691 700 705 744 783
12
119 253 277 287 304 317 359 360 364 400 402 420 457 461 510 526 535 542 547 549 557 570 584 658 660 663 671 693 768
27
204 210 234 287 291 312 365 374 375 376 398 422 441 448 451 460 462 482 490 518 528 561 566 584 585 670 681 745 746 769
38
128 136 145 154 157 175 182 191 292 339 365 415 439 464 489 498 505 546 555 609 619 638 644 663 672 695 751 755 796
6
152 178 197 198 211 213 257 259 288 292 297 347 348 387 442 495 519 540 549 557 599 600 620 644 729 735 738 748
4
143 179 196 226 229 274 282 291 300 306 322 326 367 374 424 444 463 477 550 556 560 571 590 592 594 597 614 700 716
20
112 117 135 137 216 217 246 293 307 315 318 342 370 404 436 444 548 554 562 592 623 636 638 641 657 660 680 721 775 800
40
132 144 149 171 177 185 217 229 235 236 259 264 289 338 349 378 405 434 569 583 633 634 654 655 686 691 700 707 733
17
112 160 181 187 218 230 233 278 310 329 336 341 374 378 411 426 435 477 485 499 508 529 533 535 575 648 664 691 705 714
3
151 188 198 240 242 255 280 320 365 379 419 421 452 463 486 499 510 555 558 584 598 603 647 656 726 752 754 758 772 774
9
121 140 180 181 185 255 258 267 291 322 326 327 330 339 420 482 495 526 535 540 597 598 611 621 645 673 687 754 781 795
37
154 174 183 224 266 298 311 337 375 432 474 479 481 486 491 526 554 573 577 585 614 631 634 643 654 739 741 746 749 795
46
136 286 303 311 346 360 374 375 380 432 433 444 448 520 530 542 559 562 573 612 649 650 664 668 673 677 699 707 760 777
8
175 202 243 268 280 301 309 313 365 384 439 451 465 490 491 506 513 521 530 552 581 595 613 626 671 739 741 782 784
36
126 134 213 215 282 311 348 403 406 425 428 463 514 521 535 545 556 561 579 585 612 633 639 651 680 730 747 748 770 788
15
134 144 149 217 251 264 269 270 274 297 306 318 324 349 364 432 439 477 497 499 576 582 593 665 670 683 697 767 787
10
132 170 204 232 256 257 269 286 314 359 370 378 388 403 464 465 503 515 536 552 571 584 585 606 630 719 727 775 776 780
8
132 140 162 206 214 289 311 323 348 364 369 410 414 443 448 456 518 527 531 534 582 635 675 679 725 727 735 736 772 781
18
116 122 138 163 175 178 198 245 253 259 260 346 350 351 359 372 426 458 467 526 527 631 643 666 702 711 726 754 789 796
44
122 143 145 206 237 265 281 298 308 317 322 357 452 455 461 478 509 548 558 588 638 647 680 710 713 742 780 797
47
128 130 136 142 161 194 213 257 306 319 348 362 406 411 435 458 493 539 558 594 597 609 610 623 658 667 680 704 716 779
47
153 173 217 222 225 235 238 305 332 349 355 393 394 431 447 464 535 539 549 565 585 612 622 628 642 660 699 745 771
17
123 140 147 175 201 202 220 238 242 246 265 285 292 318 350 412 432 446 471 498 516 578 619 628 682 688 737 738 763 796
50
148 195 233 249 270 297 338 379 404 428 434 449 450 467 494 499 546 572 577 600 620 628 640 679 684 691 694 721 731 799
28
112 116 119 228 232 233 293 303 321 402 434 436 438 468 476 492 502 503 516 561 567 570 581 584 590 620 630 643 676 753
47
116 117 148 167 221 222 255 294 363 399 429 443 458 490 517 518 527 541 553 567 576 626 628 665 667 723 743 762 781 796
16
126 143 147 181 193 200 221 235 246 275 277 330 341 374 445 464 476 515 556 564 614 617 628 660 674 677 703 736 738 784
14
118 126 130 138 253 287 335 342 366 423 431 461 485 490 505 519 561 581 587 643 653 668 671 678 680 779 786
3
114 121 128 203 233 262 274 347 371 377 384 390 394 455 519 527 552 557 567 597 601 618 624 703 717 720 726 745 799
50
118 145 153 155 175 191 206 217 270 277 321 401 416 437 518 521 534 539 553 570 607 685 690 712 713 721 748 761 772 777
14
112 143 162 204 235 274 277 300 339 354 377 387 391 395 400 414 435 458 473 512 539 551 567 618 710 716 720 750 759
27
146 181 227 230 277 325 331 383 429 435 520 525 554 573 579 611 617 618 630 656 667 689 701 720 722 745 771 778
8
154 230 237 299 308 343 347 363 376 386 405 414 428 464 481 567 571 587 619 633 641 646 663 689 692 716 746 756 760 772
40
113 139 148 162 198 219 245 257 267 273 280 359 399 408 412 431 489 494 534 579 602 606 608 614 624 630 709 714 716
5
137 184 189 213 236 301 321 341 357 367 389 400 430 433 449 456 458 486 527 548 551 569 581 592 595 622 636 648 755 769
33
130 211 219 259 300 342 380 387 401 424 443 453 454 456 459 468 475 476 525 533 536 540 553 570 585 624 637 688 720
42
132 138 150 167 201 231 266 293 301 320 338 400 407 422 425 470 488 570 574 633 639 655 681 687 697 717 773 783 800
7
117 142 147 149 180 195 204 215 225 276 284 335 340 391 411 454 551 612 616 617 626 646 647 648 701 712 715 717 777 795
49
140 179 195 224 251 253 264 270 281 313 332 356 375 392 420 425 448 465 497 545 562 575 647 679 717 735 754 789 793
14
145 148 170 192 200 260 270 274 351 355 380 465 480 485 490 504 507 509 542 548 580 592 595 596 608 633 662 682 697 699
18
116 142 146 195 201 236 323 324 371 405 428 448 462 518 545 553 557 593 628 634 638 652 656 659 762 773 776 781 789
20
124 130 131 165 166 196 218 231 244 252 270 291 295 315 339 477 492 511 537 558 584 585 605 644 647 661 727 729 754 774
28
122 125 144 150 181 184 265 290 302 308 309 354 411 423 501 508 529 541 544 548 583 589 722 727 738 739 742 764
28
127 129 143 209 210 216 221 228 289 322 385 386 412 452 523 533 556 559 587 600 626 628 635 640 655 666 692 745 766 796
28
162 173 192 199 200 204 231 249 276 359 371 399 437 459 500 518 536 540 546 558 580 590 622 651 728 773 786 789
1
126 142 150 155 168 187 216 232 237 274 357 366 369 390 422 429 456 458 459 549 557 567 605 684 732 749 751 769 799
35
119 131 165 169 181 182 188 213 216 276 352 357 388 441 507 541 548 562 567 568 601 607 661 687 699 719 734 755 759 776
37
196 201 246 256 308 329 347 355 367 405 429 488 494 498 500 508 517 552 569 570 574 668 701 742 752 770 778
18
132 135 140 155 156 201 210 228 231 243 277 314 319 322 347 379 435 445 506 526 562 601 634 662 680 689 699 711 714 735
49
125 127 159 198 204 238 271 310 331 333 354 355 370 431 435 463 500 503 510 513 528 550 554 556 569 604 610 618 653 706
15
120 129 154 156 162 170 176 207 210 237 325 338 342 400 413 441 456 470 531 560 580 596 623 665 678 682 703 745 759 765
15
180 187 199 206 223 225 254 279 288 299 356 369 370 427 466 484 506 541 562 595 598 601 656 665 689 732 743 748 751 793
14
126 163 164 181 212 214 277 282 291 317 323 356 374 509 571 585 601 609 677 680 681 724 734 738 751 771 777 779 787
11
1 2 3 4 5 6 7 8 9 10 11 12 13 14 15 16 17 18 19 20 21 22 23 24 25 26 27 28 29 30 31 32 33 34 35 36 37 38 39 40 41 42 43 44 45 46 47 48 49 50
200
801 802 803 804 805 806 807 808 809 810 811 812 813 814 815 816 817 818 819 820 821 822 823 824 825 826 827 828 829 830 831 832 833 834 835 836 837 838 839 840 841 842 843 844 845 846 847 848 849 850 851 852 853 854 855 856 857 858 859 860 861 862 863 864 865 866 867 868 869 870 871 872 873 874 875 876 877 878 879 880 881 882 883 884 885 886 887 888 889 890 891 892 893 894 895 896 897 898 899 900 901 902 903 904 905 906 907 908 909 910 911 912 913 914 915 916 917 918 919 920 921 922 923 924 925 926 927 928 929 930 931 932 933 934 935 936 937 938 939 940 941 942 943 944 945 946 947 948 949 950 951 952 953 954 955 956 957 958 959 960 961 962 963 964 965 966 967 968 969 970 971 972 973 974 975 976 977 978 979 980 981 982 983 984 985 986 987 988 989 990 991 992 993 994 995 996 997 998 999 1000
300
1 2 3
15
4 5 6
20
7 8 9 10
26
1 2 3 4 5 6 7 8 9 10
70
1 2
3
3 4
2
9 7 2
4
10 15 32
4
12 11
3
41 8 19 22
4
40 41 42 43 121 8 19 22
20
1 2 111 3 4
21
9 7 2 110 123 89
15
1 2 3 4 5 6 7 8 9 10 11 12 13 14 15 16 17 18 19 20 21 22 23 24 25 26 27 28 29 30 31 32 33 34 35 36 37 38 39 40 41 42 43 44 45 46 47 48 49 50 51 52 53 54 55 56 57 58 59 60 61 62 63 64 65 66 67 68 69 70 71 72 73 74 75 76 77 78 79 80 81 82 83 84 85 86 87 88 89 90 91 92 93 94 95 96 97 98 99 100 101 102 103 104 105 106 107 108 109 110 111 112 113 114 115 116 117 118 119 120 121 122 123 124 125
1000
126 127 128 129 130 131 132 133 134 135 136 137 138 139 140 141 142 143 144 145 146 147 148 149 150 151 152 153 154 155 156 157 158 159 160 161 162 163 164 165 166 167 168 169 170 171 172 173 174 175 176 177 178 179 180 181 182 183 184 185 186 187 188 189 190 191 192 193 194 195 196 197 198 199 200 201 202 203 204 205 206 207 208 209 210 211 212 213 214 215 216 217 218 219 220 221 222 223 224 225 226 227 228 229 230 231 232 233 234 235 236 237 238 239 240 241 242 243 244 245 246 247 248 249 250
1000
251 252 253 254 255 256 257 258 259 260 261 262 263 264 265 266 267 268 269 270 271 272 273 274 275 276 277 278 279 280 281 282 283 284 285 286 287 288 289 290 291 292 293 294 295 296 297 298 299 300 301 302 303 304 305 306 307 308 309 310 311 312 313 314 315 316 317 318 319 320 321 322 323 324 325 326 327 328 329 330 331 332 333 334 335 336 337 338 339 340 341 342 343 344 345 346 347 348 349 350 351 352 353 354 355 356 357 358 359 360 361 362 363 364 365 366 367 368 369 370 371 372 373 374 375
1000
376 377 378 379 380 381 382 383 384 385 386 387 388 389 390 391 392 393 394 395 396 397 398 399 400 401 402 403 404 405 406 407 408 409 410 411 412 413 414 415 416 417 418 419 420 421 422 423 424 425 426 427 428 429 430 431 432 433 434 435 436 437 438 439 440 441 442 443 444 445 446 447 448 449 450 451 452 453 454 455 456 457 458 459 460 461 462 463 464 465 466 467 468 469 470 471 472 473 474 475 476 477 478 479 480 481 482 483 484 485 486 487 488 489 490 491 492 493 494 495 496 497 498 499 500
1000
501 502 503 504 505 506 507 508 509 510 511 512 513 514 515 516 517 518 519 520 521 522 523 524 525 526 527 528 529 530 531 532 533 534 535 536 537 538 539 540 541 542 543 544 545 546 547 548 549 550 551 552 553 554 555 556 557 558 559 560 561 562 563 564 565 566 567 568 569 570 571 572 573 574 575 576 577 578 579 580 581 582 583 584 585 586 587 588 589 590 591 592 593 594 595 596 597 598 599 600 601 602 603 604 605 606 607 608 609 610 611 612 613 614 615 616 617 618 619 620 621 622 623 624 625
1000
626 627 628 629 630 631 632 633 634 635 636 637 638 639 640 641 642 643 644 645 646 647 648 649 650 651 652 653 654 655 656 657 658 659 660 661 662 663 664 665 666 667 668 669 670 671 672 673 674 675 676 677 678 679 680 681 682 683 684 685 686 687 688 689 690 691 692 693 694 695 696 697 698 699 700 701 702 703 704 705 706 707 708 709 710 711 712 713 714 715 716 717 718 719 720 721 722 723 724 725 726 727 728 729 730 731 732 733 734 735 736 737 738 739 740 741 742 743 744 745 746 747 748 749 750
1000
751 752 753 754 755 756 757 758 759 760 761 762 763 764 765 766 767 768 769 770 771 772 773 774 775 776 777 778 779 780 781 782 783 784 785 786 787 788 789 790 791 792 793 794 795 796 797 798 799 800 801 802 803 804 805 806 807 808 809 810 811 812 813 814 815 816 817 818 819 820 821 822 823 824 825 826 827 828 829 830 831 832 833 834 835 836 837 838 839 840 841 842 843 844 845 846 847 848 849 850 851 852 853 854 855 856 857 858 859 860 861 862 863 864 865 866 867 868 869 870 871 872 873 874 875
1000
876 877 878 879 880 881 882 883 884 885 886 887 888 889 890 891 892 893 894 895 896 897 898 899 900 901 902 903 904 905 906 907 908 909 910 911 912 913 914 915 916 917 918 919 920 921 922 923 924 925 926 927 928 929 930 931 932 933 934 935 936 937 938 939 940 941 942 943 944 945 946 947 948 949 950 951 952 953 954 955 956 957 958 959 960 961 962 963 964 965 966 967 968 969 970 971 972 973 974 975 976 977 978 979 980 981 982 983 984 985 986 987 988 989 990 991 992 993 994 995 996 997 998 999 1000
1000
126 127 128 129 130 131 132 133 134 135 136 137 138 139 140 141 142 143 144 145 146 147 148 149 150 151 152 153 154 155 156 157 158 159 160 161 162 163 164 165 166 167 168 169 170 171 172 173 174 175 176 177 178 179 180 181 182 183 184 185 186 187 188 189 190 191 192 193 194 195 196 197 198 199 200 201 202 203 204 205 206 207 208 209 210 211 212 213 214 215 216 217 218 219 220 221 222 223 224 225 226 227 228 229 230 231 232 233 234 235 236 237 238 239 240 241 242 243 244 245 246 247 248 249 250
1000
251 252 253 254 255 256 257 258 259 260 261 262 263 264 265 266 267 268 269 270 271 272 273 274 275 276 277 278 279 280 281 282 283 284 285 286 287 288 289 290 291 292 293 294 295 296 297 298 299 300 301 302 303 304 305 306 307 308 309 310 311 312 313 314 315 316 317 318 319 320 321 322 323 324 325 326 327 328 329 330 331 332 333 334 335 336 337 338 339 340 341 342 343 344 345 346 347 348 349 350 351 352 353 354 355 356 357 358 359 360 361 362 363 364 365 366 367 368 369 370 371 372 373 374 375
1000
376 377 378 379 380 381 382 383 384 385 386 387 388 389 390 391 392 393 394 395 396 397 398 399 400 401 402 403 404 405 406 407 408 409 410 411 412 413 414 415 416 417 418 419 420 421 422 423 424 425 426 427 428 429 430 431 432 433 434 435 436 437 438 439 440 441 442 443 444 445 446 447 448 449 450 451 452 453 454 455 456 457 458 459 460 461 462 463 464 465 466 467 468 469 470 471 472 473 474 475 476 477 478 479 480 481 482 483 484 485 486 487 488 489 490 491 492 493 494 495 496 497 498 499 500
1000
501 502 503 504 505 506 507 508 509 510 511 512 513 514 515 516 517 518 519 520 521 522 523 524 525 526 527 528 529 530 531 532 533 534 535 536 537 538 539 540 541 542 543 544 545 546 547 548 549 550 551 552 553 554 555 556 557 558 559 560 561 562 563 564 565 566 567 568 569 570 571 572 573 574 575 576 577 578 579 580 581 582 583 584 585 586 587 588 589 590 591 592 593 594 595 596 597 598 599 600 601 602 603 604 605 606 607 608 609 610 611 612 613 614 615 616 617 618 619 620 621 622 623 624 625
1000
676 677 678 679 680 681 682 683 684 685 686 687 688 689 690 691 692 693 694 695 696 697 698 699 700 701 702 703 704 705 706 707 708 709 710 711 712 713 714 715 716 717 718 719 720 721 722 723 724 725 726 727 728 729 730 731 732 733 734 735 736 737 738 739 740 741 742 743 744 745 746 747 748 749 750 751 752 753 754 755 756 757 758 759 760 761 762 763 764 765 766 767 768 769 770 771 772 773 774 775 776 777 778 779 780 781 782 783 784 785 786 787 788 789 790 791 792 793 794 795 796 797 798 799 800
1000
801 802 803 804 805 806 807 808 809 810 811 812 813 814 815 816 817 818 819 820 821 822 823 824 825 826 827 828 829 830 831 832 833 834 835 836 837 838 839 840 841 842 843 844 845 846 847 848 849 850 851 852 853 854 855 856 857 858 859 860 861 862 863 864 865 866 867 868 869 870 871 872 873 874 875 876 877 878 879 880 881 882 883 884 885 886 887 888 889 890 891 892 893 894 895 896 897 898 899 900 901 902 903 904 905 906 907 908 909 910 911 912 913 914 915 916 917 918 919 920 921 922 923 924 925 926 927 928 929 930 931 932 933 934 935 936 937 938 939 940 941 942 943 944 945 946 947 948 949 950 951 952 953 954 955 956 957 958 959 960 961 962 963 964 965 966 967 968 969 970 971 972 973 974 975 976 977 978 979 980 981 982 983 984 985 986 987 988 989 990 991 992 993 994 995 996 997 998 999 1000
1000
50 51 52 53 54 55 56 57 58 59 60 61 62 63 64 65 66 67 68 69 70 71 72 73 74 75 76 77 78 79 80 81 82 83 84 85 86 87 88 89 90 91 92 93 94 95 96 97 98 99 100
15
51 52 53 54 55 56 57 58 59 60 61 62 63 64 65 66 67 68 69 70 71 72 73 74 75 76 77 78 79 80 81 82 83 84 85 86 87 88 89 90 91 92 93 94 95 96 97 98 99 100 101
15
52 53 54 55 56 57 58 59 60 61 62 63 64 65 66 67 68 69 70 71 72 73 74 75 76 77 78 79 80 81 82 83 84 85 86 87 88 89 90 91 92 93 94 95 96 97 98 99 100 101 102
15
53 54 55 56 57 58 59 60 61 62 63 64 65 66 67 68 69 70 71 72 73 74 75 76 77 78 79 80 81 82 83 84 85 86 87 88 89 90 91 92 93 94 95 96 97 98 99 100 101 102 103
15
54 55 56 57 58 59 60 61 62 63 64 65 66 67 68 69 70 71 72 73 74 75 76 77 78 79 80 81 82 83 84 85 86 87 88 89 90 91 92 93 94 95 96 97 98 99 100 101 102 103 104
15
55 56 57 58 59 60 61 62 63 64 65 66 67 68 69 70 71 72 73 74 75 76 77 78 79 80 81 82 83 84 85 86 87 88 89 90 91 92 93 94 95 96 97 98 99 100 101 102 103 104 105
15
56 57 58 59 60 61 62 63 64 65 66 67 68 69 70 71 72 73 74 75 76 77 78 79 80 81 82 83 84 85 86 87 88 89 90 91 92 93 94 95 96 97 98 99 100 101 102 103 104 105 106
15
57 58 59 60 61 62 63 64 65 66 67 68 69 70 71 72 73 74 75 76 77 78 79 80 81 82 83 84 85 86 87 88 89 90 91 92 93 94 95 96 97 98 99 100 101 102 103 104 105 106 107
15
58 59 60 61 62 63 64 65 66 67 68 69 70 71 72 73 74 75 76 77 78 79 80 81 82 83 84 85 86 87 88 89 90 91 92 93 94 95 96 97 98 99 100 101 102 103 104 105 106 107 108
15
59 60 61 62 63 64 65 66 67 68 69 70 71 72 73 74 75 76 77 78 79 80 81 82 83 84 85 86 87 88 89 90 91 92 93 94 95 96 97 98 99 100 101 102 103 104 105 106 107 108 109
15
60 61 62 63 64 65 66 67 68 69 70 71 72 73 74 75 76 77 78 79 80 81 82 83 84 85 86 87 88 89 90 91 92 93 94 95 96 97 98 99 100 101 102 103 104 105 106 107 108 109 110
15
61 62 63 64 65 66 67 68 69 70 71 72 73 74 75 76 77 78 79 80 81 82 83 84 85 86 87 88 89 90 91 92 93 94 95 96 97 98 99 100 101 102 103 104 105 106 107 108 109 110 111
15
50 51 52 53 54 55 56 57 58 59 60
6
120 135 177 193 229 238 239 258 279 290 296 304 381 409 422 424 482 488 532 538 561 583 594 611 648 649 719 787
26
116 148 194 223 245 254 256 266 333 339 384 421 432 433 436 479 489 496 519 592 593 629 664 668 681 703 708 758 764
49
132 171 179 184 191 245 279 327 351 355 357 378 452 463 473 512 524 530 566 591 593 628 665 696 697 699 790
11
137 171 182 229 260 290 306 317 320 327 342 344 360 399 400 423 451 470 496 550 573 587 590 600 616 648 676 704 738
49
135 166 190 214 255 263 274 292 382 388 403 404 405 489 516 524 572 616 623 657 677 731 747 767 768 770 771
33
139 142 150 164 174 202 255 278 339 349 354 367 445 455 456 458 488 495 514 533 545 602 604 666 705 719 725 748 773 774
9
132 141 182 201 209 316 375 390 400 403 405 409 429 441 453 484 501 522 530 554 663 668 681 703 721 723 735 758 800
24
129 182 193 205 210 246 257 274 277 299 315 328 346 415 448 460 475 492 551 555 620 623 653 681 689 693 704 724 783 785
16
126 130 172 176 180 243 275 342 343 349 354 357 397 405 427 451 468 483 551 559 597 602 617 676 716 726 760 765 775
1
125 144 170 206 215 259 280 299 322 328 345 354 382 441 453 473 496 505 519 534 558 568 580 585 708 732 748 758 782
49
161 194 200 214 218 309 313 339 355 404 417 421 480 485 520 522 523 569 571 573 592 597 606 614 623 639 641 656 683 779
42
125 154 177 196 203 225 248 286 298 332 354 367 381 383 427 441 550 552 562 575 630 645 650 662 680 747 759 764 796
29
160 164 168 180 214 227 255 258 263 270 275 296 379 389 398 403 408 425 474 493 524 528 536 552 596 606 631 643 654 760
28
112 115 183 233 252 315 329 365 389 403 430 439 467 533 552 553 563 640 654 669 676 694 721 731 737 764 766 773
27
149 152 174 176 185 231 242 243 295 296 299 306 383 404 412 421 430 436 459 501 536 546 548 561 611 633 670 684 720 798
3
133 136 175 216 219 251 270 283 291 318 324 325 326 332 340 350 392 431 438 447 472 480 485 507 552 558 578 740 780
24
140 167 207 222 244 264 269 285 324 343 368 380 395 400 440 485 501 507 513 592 601 620 633 634 662 712 721 735 763 776
29
122 136 141 158 187 193 270 283 288 303 304 310 313 319 328 347 373 399 423 441 445 529 551 574 665 680 690 696 739 771
29
168 195 229 246 307 322 335 351 364 387 393 430 431 448 451 475 497 524 525 563 567 606 613 704 707 719 725 730 768 772
35
145 155 158 168 226 229 232 273 287 301 312 320 321 346 352 443 519 574 619 638 654 659 686 710 725 761 764 774 777 783
48
118 121 140 143 148 176 196 199 229 279 286 349 366 392 416 438 443 471 511 530 578 579 624 635 657 690 714 730 782
23
129 139 207 222 274 315 443 458 468 471 507 514 528 541 557 559 577 581 591 653 667 704 737 767 778 781 797
29
120 153 160 178 212 214 240 251 291 310 317 383 409 419 443 444 450 471 480 564 565 583 591 595 617 662 664 677 694 763
40
139 140 146 147 204 208 248 283 315 333 347 359 367 395 420 433 448 476 488 503 506 512 536 619 629 645 689 722 728 737
4
160 189 191 206 233 289 299 306 310 349 353 359 361 391 456 457 463 518 550 552 580 586 592 615 644 751 758 781 788
11
175 176 187 205 249 274 276 287 298 370 398 402 405 442 482 483 498 532 533 547 595 601 658 671 672 691 695 719 748 794
37
119 174 188 255 304 317 331 332 363 369 380 390 395 409 431 492 508 565 582 588 602 610 650 686 703 711 714 723 783
4
114 135 148 153 184 264 278 300 318 347 355 357 387 400 402 439 483 488 537 574 630 690 706 711 714 729 758 781 787
44
118 194 260 272 280 291 295 310 326 329 403 431 442 465 501 543 561 587 607 646 682 698 707 725 734 741 775 790 795
41
154 192 198 267 286 299 304 350 365 404 413 429 468 472 479 523 524 573 606 623 637 662 688 712 715 735 759 764
30
171 188 198 225 257 274 296 322 324 365 396 450 451 453 457 478 494 495 499 503 549 616 686 710 756 774 780 789
14
154 163 185 231 235 242 262 272 278 285 299 327 338 364 382 395 408 412 437 473 475 489 540 579 601 646 659 710 732 758
28
159 198 290 294 355 407 487 494 501 509 511 583 593 595 598 606 615 630 661 687 690 698 706 710 729 747 753 768
17
142 166 169 181 236 264 312 320 356 377 403 414 417 436 456 461 464 466 498 540 557 596 607 610 627 635 700 706 753 794
13
130 144 145 146 147 175 249 258 286 301 337 418 470 495 511 586 592 594 595 601 667 676 695 727 741 750 766 786 797
45
166 172 181 182 186 228 335 340 354 362 394 401 419 420 460 500 501 546 583 587 604 605 626 632 651 679 702 729 742 778
42
116 122 131 185 188 265 301 342 360 384 431 434 469 476 509 520 526 528 553 558 560 571 584 629 671 695 719 722 793
5
121 161 178 187 191 194 212 238 292 296 318 450 464 466 477 479 487 488 515 538 593 607 654 656 690 713 723 726 741 759
3
128 139 141 183 189 230 231 268 302 303 322 386 431 487 488 498 518 520 541 570 580 622 626 647 649 701 718 728 745 799
7
129 137 176 185 195 216 226 232 251 320 328 345 348 363 366 383 396 410 462 469 498 526 558 567 572 604 633 660 699 793
7
115 159 162 193 200 203 222 285 327 335 345 353 373 449 480 485 533 534 580 593 596 606 610 611 624 647 667 696 731 754
26
150 174 198 223 249 301 313 372 378 387 408 412 413 418 420 427 472 474 511 537 574 576 612 613 658 661 714 717 724 750
32
124 141 144 241 249 256 260 261 272 280 340 362 379 381 421 424 467 539 552 613 627 630 659 703 723 725 757 762 763 768
27
141 164 178 192 195 233 263 276 335 362 391 432 456 463 466 524 553 577 586 589 593 600 609 624 650 688 707 744 772
6
170 193 227 246 258 267 288 290 297 360 387 389 431 438 466 481 490 515 531 546 586 606 661 697 700 715 738 770 793
19
112 190 196 213 219 233 342 343 366 414 428 446 469 502 512 514 523 528 576 597 602 645 648 692 714 735 744 770 788 793
24
117 121 127 129 156 187 222 249 255 263 285 356 379 382 409 432 463 509 533 544 553 560 561 607 627 698 718 723 733 761
4
130 147 159 164 167 209 218 232 260 416 430 497 506 546 571 588 599 606 607 632 652 657 658 691 700 705 744 783
12
119 253 277 287 304 317 359 360 364 400 402 420 457 461 510 526 535 542 547 549 557 570 584 658 660 663 671 693 768
27
204 210 234 287 291 312 365 374 375 376 398 422 441 448 451 460 462 482 490 518 528 561 566 584 585 670 681 745 746 769
38
128 136 145 154 157 175 182 191 292 339 365 415 439 464 489 498 505 546 555 609 619 638 644 663 672 695 751 755 796
6
152 178 197 198 211 213 257 259 288 292 297 347 348 387 442 495 519 540 549 557 599 600 620 644 729 735 738 748
4
143 179 196 226 229 274 282 291 300 306 322 326 367 374 424 444 463 477 550 556 560 571 590 592 594 597 614 700 716
20
112 117 135 137 216 217 246 293 307 315 318 342 370 404 436 444 548 554 562 592 623 636 638 641 657 660 680 721 775 800
40
132 144 149 171 177 185 217 229 235 236 259 264 289 338 349 378 405 434 569 583 633 634 654 655 686 691 700 707 733
17
112 160 181 187 218 230 233 278 310 329 336 341 374 378 411 426 435 477 485 499 508 529 533 535 575 648 664 691 705 714
3
151 188 198 240 242 255 280 320 365 379 419 421 452 463 486 499 510 555 558 584 598 603 647 656 726 752 754 758 772 774
9
121 140 180 181 185 255 258 267 291 322 326 327 330 339 420 482 495 526 535 540 597 598 611 621 645 673 687 754 781 795
37
154 174 183 224 266 298 311 337 375 432 474 479 481 486 491 526 554 573 577 585 614 631 634 643 654 739 741 746 749 795
46
136 286 303 311 346 360 374 375 380 432 433 444 448 520 530 542 559 562 573 612 649 650 664 668 673 677 699 707 760 777
8
175 202 243 268 280 301 309 313 365 384 439 451 465 490 491 506 513 521 530 552 581 595 613 626 671 739 741 782 784
36
126 134 213 215 282 311 348 403 406 425 428 463 514 521 535 545 556 561 579 585 612 633 639 651 680 730 747 748 770 788
15
134 144 149 217 251 264 269 270 274 297 306 318 324 349 364 432 439 477 497 499 576 582 593 665 670 683 697 767 787
10
132 170 204 232 256 257 269 286 314 359 370 378 388 403 464 465 503 515 536 552 571 584 585 606 630 719 727 775 776 780
8
132 140 162 206 214 289 311 323 348 364 369 410 414 443 448 456 518 527 531 534 582 635 675 679 725 727 735 736 772 781
18
116 122 138 163 175 178 198 245 253 259 260 346 350 351 359 372 426 458 467 526 527 631 643 666 702 711 726 754 789 796
44
122 143 145 206 237 265 281 298 308 317 322 357 452 455 461 478 509 548 558 588 638 647 680 710 713 742 780 797
47
128 130 136 142 161 194 213 257 306 319 348 362 406 411 435 458 493 539 558 594 597 609 610 623 658 667 680 704 716 779
47
153 173 217 222 225 235 238 305 332 349 355 393 394 431 447 464 535 539 549 565 585 612 622 628 642 660 699 745 771
17
123 140 147 175 201 202 220 238 242 246 265 285 292 318 350 412 432 446 471 498 516 578 619 628 682 688 737 738 763 796
50
148 195 233 249 270 297 338 379 404 428 434 449 450 467 494 499 546 572 577 600 620 628 640 679 684 691 694 721 731 799
28
112 116 119 228 232 233 293 303 321 402 434 436 438 468 476 492 502 503 516 561 567 570 581 584 590 620 630 643 676 753
47
116 117 148 167 221 222 255 294 363 399 429 443 458 490 517 518 527 541 553 567 576 626 628 665 667 723 743 762 781 796
16
126 143 147 181 193 200 221 235 246 275 277 330 341 374 445 464 476 515 556 564 614 617 628 660 674 677 703 736 738 784
14
118 126 130 138 253 287 335 342 366 423 431 461 485 490 505 519 561 581 587 643 653 668 671 678 680 779 786
3
114 121 128 203 233 262 274 347 371 377 384 390 394 455 519 527 552 557 567 597 601 618 624 703 717 720 726 745 799
50
118 145 153 155 175 191 206 217 270 277 321 401 416 437 518 521 534 539 553 570 607 685 690 712 713 721 748 761 772 777
14
112 143 162 204 235 274 277 300 339 354 377 387 391 395 400 414 435 458 473 512 539 551 567 618 710 716 720 750 759
27
146 181 227 230 277 325 331 383 429 435 520 525 554 573 579 611 617 618 630 656 667 689 701 720 722 745 771 778
8
154 230 237 299 308 343 347 363 376 386 405 414 428 464 481 567 571 587 619 633 641 646 663 689 692 716 746 756 760 772
40
113 139 148 162 198 219 245 257 267 273 280 359 399 408 412 431 489 494 534 579 602 606 608 614 624 630 709 714 716
5
137 184 189 213 236 301 321 341 357 367 389 400 430 433 449 456 458 486 527 548 551 569 581 592 595 622 636 648 755 769
33
130 211 219 259 300 342 380 387 401 424 443 453 454 456 459 468 475 476 525 533 536 540 553 570 585 624 637 688 720
42
132 138 150 167 201 231 266 293 301 320 338 400 407 422 425 470 488 570 574 633 639 655 681 687 697 717 773 783 800
7
117 142 147 149 180 195 204 215 225 276 284 335 340 391 411 454 551 612 616 617 626 646 647 648 701 712 715 717 777 795
49
140 179 195 224 251 253 264 270 281 313 332 356 375 392 420 425 448 465 497 545 562 575 647 679 717 735 754 789 793
14
145 148 170 192 200 260 270 274 351 355 380 465 480 485 490 504 507 509 542 548 580 592 595 596 608 633 662 682 697 699
18
116 142 146 195 201 236 323 324 371 405 428 448 462 518 545 553 557 593 628 634 638 652 656 659 762 773 776 781 789
20
124 130 131 165 166 196 218 231 244 252 270 291 295 315 339 477 492 511 537 558 584 585 605 644 647 661 727 729 754 774
28
122 125 144 150 181 184 265 290 302 308 309 354 411 423 501 508 529 541 544 548 583 589 722 727 738 739 742 764
28
127 129 143 209 210 216 221 228 289 322 385 386 412 452 523 533 556 559 587 600 626 628 635 640 655 666 692 745 766 796
28
162 173 192 199 200 204 231 249 276 359 371 399 437 459 500 518 536 540 546 558 580 590 622 651 728 773 786 789
1
126 142 150 155 168 187 216 232 237 274 357 366 369 390 422 429 456 458 459 549 557 567 605 684 732 749 751 769 799
35
119 131 165 169 181 182 188 213 216 276 352 357 388 441 507 541 548 562 567 568 601 607 661 687 699 719 734 755 759 776
37
196 201 246 256 308 329 347 355 367 405 429 488 494 498 500 508 517 552 569 570 574 668 701 742 752 770 778
18
132 135 140 155 156 201 210 228 231 243 277 314 319 322 347 379 435 445 506 526 562 601 634 662 680 689 699 711 714 735
49
125 127 159 198 204 238 271 310 331 333 354 355 370 431 435 463 500 503 510 513 528 550 554 556 569 604 610 618 653 706
15
120 129 154 156 162 170 176 207 210 237 325 338 342 400 413 441 456 470 531 560 580 596 623 665 678 682 703 745 759 765
15
180 187 199 206 223 225 254 279 288 299 356 369 370 427 466 484 506 541 562 595 598 601 656 665 689 732 743 748 751 793
14
126 163 164 181 212 214 277 282 291 317 323 356 374 509 571 585 601 609 677 680 681 724 734 738 751 771 777 779 787
11
1 2 3 4 5 6 7 8 9 10 11 12 13 14 15 16 17 18 19 20 21 22 23 24 25 26 27 28 29 30 31 32 33 34 35 36 37 38 39 40 41 42 43 44 45 46 47 48 49 50
200
801 802 803 804 805 806 807 808 809 810 811 812 813 814 815 816 817 818 819 820 821 822 823 824 825 826 827 828 829 830 831 832 833 834 835 836 837 838 839 840 841 842 843 844 845 846 847 848 849 850 851 852 853 854 855 856 857 858 859 860 861 862 863 864 865 866 867 868 869 870 871 872 873 874 875 876 877 878 879 880 881 882 883 884 885 886 887 888 889 890 891 892 893 894 895 896 897 898 899 900 901 902 903 904 905 906 907 908 909 910 911 912 913 914 915 916 917 918 919 920 921 922 923 924 925 926 927 928 929 930 931 932 933 934 935 936 937 938 939 940 941 942 943 944 945 946 947 948 949 950 951 952 953 954 955 956 957 958 959 960 961 962 963 964 965 966 967 968 969 970 971 972 973 974 975 976 977 978 979 980 981 982 983 984 985 986 987 988 989 990 991 992 993 994 995 996 997 998 999 1000
300
56 57 58 59 60 61 62 63 64 65 66 67 68 69 70 71 72 73 74 75 76 77 78 79 80 81 82 83 84 85 86 87 88 89 90 91 92 93 94 95 96 97 98 99 100 101 102 103 104 105 106
15
57 58 59 60 61 62 63 64 65 66 67 68 69 70 71 72 73 74 75 76 77 78 79 80 81 82 83 84 85 86 87 88 89 90 91 92 93 94 95 96 97 98 99 100 101 102 103 104 105 106 107
15
58 59 60 61 62 63 64 65 66 67 68 69 70 71 72 73 74 75 76 77 78 79 80 81 82 83 84 85 86 87 88 89 90 91 92 93 94 95 96 97 98 99 100 101 102 103 104 105 106 107 108
15
59 60 61 62 63 64 65 66 67 68 69 70 71 72 73 74 75 76 77 78 79 80 81 82 83 84 85 86 87 88 89 90 91 92 93 94 95 96 97 98 99 100 101 102 103 104 105 106 107 108 109
15
60 61 62 63 64 65 66 67 68 69 70 71 72 73 74 75 76 77 78 79 80 81 82 83 84 85 86 87 88 89 90 91 92 93 94 95 96 97 98 99 100 101 102 103 104 105 106 107 108 109 110
15
61 62 63 64 65 66 67 68 69 70 71 72 73 74 75 76 77 78 79 80 81 82 83 84 85 86 87 88 89 90 91 92 93 94 95 96 97 98 99 100 101 102 103 104 105 106 107 108 109 110 111
15
50 51 52 53 54 55 56 57 58 59 60
6
120 135 177 193 229 238 239 258 279 290 296 304 381 409 422 424 482 488 532 538 561 583 594 611 648 649 719 787
26
116 148 194 223 245 254 256 266 333 339 384 421 432 433 436 479 489 496 519 592 593 629 664 668 681 703 708 758 764
49
132 171 179 184 191 245 279 327 351 355 357 378 452 463 473 512 524 530 566 591 593 628 665 696 697 699 790
11
137 171 182 229 260 290 306 317 320 327 342 344 360 399 400 423 451 470 496 550 573 587 590 600 616 648 676 704 738
49
135 166 190 214 255 263 274 292 382 388 403 404 405 489 516 524 572 616 623 657 677 731 747 767 768 770 771
33
139 142 150 164 174 202 255 278 339 349 354 367 445 455 456 458 488 495 514 533 545 602 604 666 705 719 725 748 773 774
9
132 141 182 201 209 316 375 390 400 403 405 409 429 441 453 484 501 522 530 554 663 668 681 703 721 723 735 758 800
24
129 182 193 205 210 246 257 274 277 299 315 328 346 415 448 460 475 492 551 555 620 623 653 681 689 693 704 724 783 785
16
126 130 172 176 180 243 275 342 343 349 354 357 397 405 427 451 468 483 551 559 597 602 617 676 716 726 760 765 775
1
125 144 170 206 215 259 280 299 322 328 345 354 382 441 453 473 496 505 519 534 558 568 580 585 708 732 748 758 782
49
161 194 200 214 218 309 313 339 355 404 417 421 480 485 520 522 523 569 571 573 592 597 606 614 623 639 641 656 683 779
42
125 154 177 196 203 225 248 286 298 332 354 367 381 383 427 441 550 552 562 575 630 645 650 662 680 747 759 764 796
29
160 164 168 180 214 227 255 258 263 270 275 296 379 389 398 403 408 425 474 493 524 528 536 552 596 606 631 643 654 760
28
112 115 183 233 252 315 329 365 389 403 430 439 467 533 552 553 563 640 654 669 676 694 721 731 737 764 766 773
27
149 152 174 176 185 231 242 243 295 296 299 306 383 404 412 421 430 436 459 501 536 546 548 561 611 633 670 684 720 798
3
133 136 175 216 219 251 270 283 291 318 324 325 326 332 340 350 392 431 438 447 472 480 485 507 552 558 578 740 780
24
140 167 207 222 244 264 269 285 324 343 368 380 395 400 440 485 501 507 513 592 601 620 633 634 662 712 721 735 763 776
29
122 136 141 158 187 193 270 283 288 303 304 310 313 319 328 347 373 399 423 441 445 529 551 574 665 680 690 696 739 771
29
168 195 229 246 307 322 335 351 364 387 393 430 431 448 451 475 497 524 525 563 567 606 613 704 707 719 725 730 768 772
35
145 155 158 168 226 229 232 273 287 301 312 320 321 346 352 443 519 574 619 638 654 659 686 710 725 761 764 774 777 783
48
118 121 140 143 148 176 196 199 229 279 286 349 366 392 416 438 443 471 511 530 578 579 624 635 657 690 714 730 782
23
129 139 207 222 274 315 443 458 468 471 507 514 528 541 557 559 577 581 591 653 667 704 737 767 778 781 797
29
120 153 160 178 212 214 240 251 291 310 317 383 409 419 443 444 450 471 480 564 565 583 591 595 617 662 664 677 694 763
40
139 140 146 147 204 208 248 283 315 333 347 359 367 395 420 433 448 476 488 503 506 512 536 619 629 645 689 722 728 737
4
160 189 191 206 233 289 299 306 310 349 353 359 361 391 456 457 463 518 550 552 580 586 592 615 644 751 758 781 788
11
175 176 187 205 249 274 276 287 298 370 398 402 405 442 482 483 498 532 533 547 595 601 658 671 672 691 695 719 748 794
37
119 174 188 255 304 317 331 332 363 369 380 390 395 409 431 492 508 565 582 588 602 610 650 686 703 711 714 723 783
4
114 135 148 153 184 264 278 300 318 347 355 357 387 400 402 439 483 488 537 574 630 690 706 711 714 729 758 781 787
44
118 194 260 272 280 291 295 310 326 329 403 431 442 465 501 543 561 587 607 646 682 698 707 725 734 741 775 790 795
41
154 192 198 267 286 299 304 350 365 404 413 429 468 472 479 523 524 573 606 623 637 662 688 712 715 735 759 764
30
171 188 198 225 257 274 296 322 324 365 396 450 451 453 457 478 494 495 499 503 549 616 686 710 756 774 780 789
14
154 163 185 231 235 242 262 272 278 285 299 327 338 364 382 395 408 412 437 473 475 489 540 579 601 646 659 710 732 758
28
159 198 290 294 355 407 487 494 501 509 511 583 593 595 598 606 615 630 661 687 690 698 706 710 729 747 753 768
17
142 166 169 181 236 264 312 320 356 377 403 414 417 436 456 461 464 466 498 540 557 596 607 610 627 635 700 706 753 794
13
130 144 145 146 147 175 249 258 286 301 337 418 470 495 511 586 592 594 595 601 667 676 695 727 741 750 766 786 797
45
166 172 181 182 186 228 335 340 354 362 394 401 419 420 460 500 501 546 583 587 604 605 626 632 651 679 702 729 742 778
42
116 122 131 185 188 265 301 342 360 384 431 434 469 476 509 520 526 528 553 558 560 571 584 629 671 695 719 722 793
5
121 161 178 187 191 194 212 238 292 296 318 450 464 466 477 479 487 488 515 538 593 607 654 656 690 713 723 726 741 759
3
128 139 141 183 189 230 231 268 302 303 322 386 431 487 488 498 518 520 541 570 580 622 626 647 649 701 718 728 745 799
7
129 137 176 185 195 216 226 232 251 320 328 345 348 363 366 383 396 410 462 469 498 526 558 567 572 604 633 660 699 793
7
115 159 162 193 200 203 222 285 327 335 345 353 373 449 480 485 533 534 580 593 596 606 610 611 624 647 667 696 731 754
26
150 174 198 223 249 301 313 372 378 387 408 412 413 418 420 427 472 474 511 537 574 576 612 613 658 661 714 717 724 750
32
124 141 144 241 249 256 260 261 272 280 340 362 379 381 421 424 467 539 552 613 627 630 659 703 723 725 757 762 763 768
27
141 164 178 192 195 233 263 276 335 362 391 432 456 463 466 524 553 577 586 589 593 600 609 624 650 688 707 744 772
6
170 193 227 246 258 267 288 290 297 360 387 389 431 438 466 481 490 515 531 546 586 606 661 697 700 715 738 770 793
19
112 190 196 213 219 233 342 343 366 414 428 446 469 502 512 514 523 528 576 597 602 645 648 692 714 735 744 770 788 793
24
117 121 127 129 156 187 222 249 255 263 285 356 379 382 409 432 463 509 533 544 553 560 561 607 627 698 718 723 733 761
4
130 147 159 164 167 209 218 232 260 416 430 497 506 546 571 588 599 606 607 632 652 657 658 691 700 705 744 783
12
119 253 277 287 304 317 359 360 364 400 402 420 457 461 510 526 535 542 547 549 557 570 584 658 660 663 671 693 768
27
204 210 234 287 291 312 365 374 375 376 398 422 441 448 451 460 462 482 490 518 528 561 566 584 585 670 681 745 746 769
38
128 136 145 154 157 175 182 191 292 339 365 415 439 464 489 498 505 546 555 609 619 638 644 663 672 695 751 755 796
6
152 178 197 198 211 213 257 259 288 292 297 347 348 387 442 495 519 540 549 557 599 600 620 644 729 735 738 748
4
143 179 196 226 229 274 282 291 300 306 322 326 367 374 424 444 463 477 550 556 560 571 590 592 594 597 614 700 716
20
112 117 135 137 216 217 246 293 307 315 318 342 370 404 436 444 548 554 562 592 623 636 638 641 657 660 680 721 775 800
40
132 144 149 171 177 185 217 229 235 236 259 264 289 338 349 378 405 434 569 583 633 634 654 655 686 691 700 707 733
17
112 160 181 187 218 230 233 278 310 329 336 341 374 378 411 426 435 477 485 499 508 529 533 535 575 648 664 691 705 714
3
151 188 198 240 242 255 280 320 365 379 419 421 452 463 486 499 510 555 558 584 598 603 647 656 726 752 754 758 772 774
9
121 140 180 181 185 255 258 267 291 322 326 327 330 339 420 482 495 526 535 540 597 598 611 621 645 673 687 754 781 795
37
154 174 183 224 266 298 311 337 375 432 474 479 481 486 491 526 554 573 577 585 614 631 634 643 654 739 741 746 749 795
46
136 286 303 311 346 360 374 375 380 432 433 444 448 520 530 542 559 562 573 612 649 650 664 668 673 677 699 707 760 777
8
175 202 243 268 280 301 309 313 365 384 439 451 465 490 491 506 513 521 530 552 581 595 613 626 671 739 741 782 784
36
126 134 213 215 282 311 348 403 406 425 428 463 514 521 535 545 556 561 579 585 612 633 639 651 680 730 747 748 770 788
15
134 144 149 217 251 264 269 270 274 297 306 318 324 349 364 432 439 477 497 499 576 582 593 665 670 683 697 767 787
10
132 170 204 232 256 257 269 286 314 359 370 378 388 403 464 465 503 515 536 552 571 584 585 606 630 719 727 775 776 780
8
132 140 162 206 214 289 311 323 348 364 369 410 414 443 448 456 518 527 531 534 582 635 675 679 725 727 735 736 772 781
18
116 122 138 163 175 178 198 245 253 259 260 346 350 351 359 372 426 458 467 526 527 631 643 666 702 711 726 754 789 796
44
122 143 145 206 237 265 281 298 308 317 322 357 452 455 461 478 509 548 558 588 638 647 680 710 713 742 780 797
47
128 130 136 142 161 194 213 257 306 319 348 362 406 411 435 458 493 539 558 594 597 609 610 623 658 667 680 704 716 779
47
153 173 217 222 225 235 238 305 332 349 355 393 394 431 447 464 535 539 549 565 585 612 622 628 642 660 699 745 771
17
123 140 147 175 201 202 220 238 242 246 265 285 292 318 350 412 432 446 471 498 516 578 619 628 682 688 737 738 763 796
50
148 195 233 249 270 297 338 379 404 428 434 449 450 467 494 499 546 572 577 600 620 628 640 679 684 691 694 721 731 799
28
112 116 119 228 232 233 293 303 321 402 434 436 438 468 476 492 502 503 516 561 567 570 581 584 590 620 630 643 676 753
47
116 117 148 167 221 222 255 294 363 399 429 443 458 490 517 518 527 541 553 567 576 626 628 665 667 723 743 762 781 796
16
126 143 147 181 193 200 221 235 246 275 277 330 341 374 445 464 476 515 556 564 614 617 628 660 674 677 703 736 738 784
14
118 126 130 138 253 287 335 342 366 423 431 461 485 490 505 519 561 581 587 643 653 668 671 678 680 779 786
3
114 121 128 203 233 262 274 347 371 377 384 390 394 455 519 527 552 557 567 597 601 618 624 703 717 720 726 745 799
50
118 145 153 155 175 191 206 217 270 277 321 401 416 437 518 521 534 539 553 570 607 685 690 712 713 721 748 761 772 777
14
112 143 162 204 235 274 277 300 339 354 377 387 391 395 400 414 435 458 473 512 539 551 567 618 710 716 720 750 759
27
146 181 227 230 277 325 331 383 429 435 520 525 554 573 579 611 617 618 630 656 667 689 701 720 722 745 771 778
8
154 230 237 299 308 343 347 363 376 386 405 414 428 464 481 567 571 587 619 633 641 646 663 689 692 716 746 756 760 772
40
113 139 148 162 198 219 245 257 267 273 280 359 399 408 412 431 489 494 534 579 602 606 608 614 624 630 709 714 716
5
137 184 189 213 236 301 321 341 357 367 389 400 430 433 449 456 458 486 527 548 551 569 581 592 595 622 636 648 755 769
33
130 211 219 259 300 342 380 387 401 424 443 453 454 456 459 468 475 476 525 533 536 540 553 570 585 624 637 688 720
42
132 138 150 167 201 231 266 293 301 320 338 400 407 422 425 470 488 570 574 633 639 655 681 687 697 717 773 783 800
7
117 142 147 149 180 195 204 215 225 276 284 335 340 391 411 454 551 612 616 617 626 646 647 648 701 712 715 717 777 795
49
140 179 195 224 251 253 264 270 281 313 332 356 375 392 420 425 448 465 497 545 562 575 647 679 717 735 754 789 793
14
145 148 170 192 200 260 270 274 351 355 380 465 480 485 490 504 507 509 542 548 580 592 595 596 608 633 662 682 697 699
18
116 142 146 195 201 236 323 324 371 405 428 448 462 518 545 553 557 593 628 634 638 652 656 659 762 773 776 781 789
20
124 130 131 165 166 196 218 231 244 252 270 291 295 315 339 477 492 511 537 558 584 585 605 644 647 661 727 729 754 774
28
122 125 144 150 181 184 265 290 302 308 309 354 411 423 501 508 529 541 544 548 583 589 722 727 738 739 742 764
28
127 129 143 209 210 216 221 228 289 322 385 386 412 452 523 533 556 559 587 600 626 628 635 640 655 666 692 745 766 796
28
162 173 192 199 200 204 231 249 276 359 371 399 437 459 500 518 536 540 546 558 580 590 622 651 728 773 786 789
1
126 142 150 155 168 187 216 232 237 274 357 366 369 390 422 429 456 458 459 549 557 567 605 684 732 749 751 769 799
35
119 131 165 169 181 182 188 213 216 276 352 357 388 441 507 541 548 562 567 568 601 607 661 687 699 719 734 755 759 776
37
196 201 246 256 308 329 347 355 367 405 429 488 494 498 500 508 517 552 569 570 574 668 701 742 752 770 778
18
132 135 140 155 156 201 210 228 231 243 277 314 319 322 347 379 435 445 506 526 562 601 634 662 680 689 699 711 714 735
49
125 127 159 198 204 238 271 310 331 333 354 355 370 431 435 463 500 503 510 513 528 550 554 556 569 604 610 618 653 706
15
120 129 154 156 162 170 176 207 210 237 325 338 342 400 413 441 456 470 531 560 580 596 623 665 678 682 703 745 759 765
15
180 187 199 206 223 225 254 279 288 299 356 369 370 427 466 484 506 541 562 595 598 601 656 665 689 732 743 748 751 793
14
126 163 164 181 212 214 277 282 291 317 323 356 374 509 571 585 601 609 677 680 681 724 734 738 751 771 777 779 787
11
1 2
3
3 4
2
9 7 2
4
10 15 32
4
12 11
3
41 8 19 22
4
40 41 42 43 121 8 19 22
20
1 2 111 3 4
21
9 7 2 110 123 89
15
1 2 3 4 5 6 7 8 9 10 11 12 13 14 15 16 17 18 19 20 21 22 23 24 25 26 27 28 29 30 31 32 33 34 35 36 37 38 39 40 41 42 43 44 45 46 47 48 49 50 51 52 53 54 55 56 57 58 59 60 61 62 63 64 65 66 67 68 69 70 71 72 73 74 75 76 77 78 79 80 81 82 83 84 85 86 87 88 89 90 91 92 93 94 95 96 97 98 99 100 101 102 103 104 105 106 107 108 109 110 111 112 113 114 115 116 117 118 119 120 121 122 123 124 125
1000
126 127 128 129 130 131 132 133 134 135 136 137 138 139 140 141 142 143 144 145 146 147 148 149 150 151 152 153 154 155 156 157 158 159 160 161 162 163 164 165 166 167 168 169 170 171 172 173 174 175 176 177 178 179 180 181 182 183 184 185 186 187 188 189 190 191 192 193 194 195 196 197 198 199 200 201 202 203 204 205 206 207 208 209 210 211 212 213 214 215 216 217 218 219 220 221 222 223 224 225 226 227 228 229 230 231 232 233 234 235 236 237 238 239 240 241 242 243 244 245 246 247 248 249 250
1000
251 252 253 254 255 256 257 258 259 260 261 262 263 264 265 266 267 268 269 270 271 272 273 274 275 276 277 278 279 280 281 282 283 284 285 286 287 288 289 290 291 292 293 294 295 296 297 298 299 300 301 302 303 304 305 306 307 308 309 310 311 312 313 314 315 316 317 318 319 320 321 322 323 324 325 326 327 328 329 330 331 332 333 334 335 336 337 338 339 340 341 342 343 344 345 346 347 348 349 350 351 352 353 354 355 356 357 358 359 360 361 362 363 364 365 366 367 368 369 370 371 372 373 374 375
1000
376 377 378 379 380 381 382 383 384 385 386 387 388 389 390 391 392 393 394 395 396 397 398 399 400 401 402 403 404 405 406 407 408 409 410 411 412 413 414 415 416 417 418 419 420 421 422 423 424 425 426 427 428 429 430 431 432 433 434 435 436 437 438 439 440 441 442 443 444 445 446 447 448 449 450 451 452 453 454 455 456 457 458 459 460 461 462 463 464 465 466 467 468 469 470 471 472 473 474 475 476 477 478 479 480 481 482 483 484 485 486 487 488 489 490 491 492 493 494 495 496 497 498 499 500
1000
501 502 503 504 505 506 507 508 509 510 511 512 513 514 515 516 517 518 519 520 521 522 523 524 525 526 527 528 529 530 531 532 533 534 535 536 537 538 539 540 541 542 543 544 545 546 547 548 549 550 551 552 553 554 555 556 557 558 559 560 561 562 563 564 565 566 567 568 569 570 571 572 573 574 575 576 577 578 579 580 581 582 583 584 585 586 587 588 589 590 591 592 593 594 595 596 597 598 599 600 601 602 603 604 605 606 607 608 609 610 611 612 613 614 615 616 617 618 619 620 621 622 623 624 625
1000
876 877 878 879 880 881 882 883 884 885 886 887 888 889 890 891 892 893 894 895 896 897 898 899 900 901 902 903 904 905 906 907 908 909 910 911 912 913 914 915 916 917 918 919 920 921 922 923 924 925 926 927 928 929 930 931 932 933 934 935 936 937 938 939 940 941 942 943 944 945 946 947 948 949 950 951 952 953 954 955 956 957 958 959 960 961 962 963 964 965 966 967 968 969 970 971 972 973 974 975 976 977 978 979 980 981 982 983 984 985 986 987 988 989 990 991 992 993 994 995 996 997 998 999 1000
1000
126 127 128 129 130 131 132 133 134 135 136 137 138 139 140 141 142 143 144 145 146 147 148 149 150 151 152 153 154 155 156 157 158 159 160 161 162 163 164 165 166 167 168 169 170 171 172 173 174 175 176 177 178 179 180 181 182 183 184 185 186 187 188 189 190 191 192 193 194 195 196 197 198 199 200 201 202 203 204 205 206 207 208 209 210 211 212 213 214 215 216 217 218 219 220 221 222 223 224 225 226 227 228 229 230 231 232 233 234 235 236 237 238 239 240 241 242 243 244 245 246 247 248 249 250
1000
251 252 253 254 255 256 257 258 259 260 261 262 263 264 265 266 267 268 269 270 271 272 273 274 275 276 277 278 279 280 281 282 283 284 285 286 287 288 289 290 291 292 293 294 295 296 297 298 299 300 301 302 303 304 305 306 307 308 309 310 311 312 313 314 315 316 317 318 319 320 321 322 323 324 325 326 327 328 329 330 331 332 333 334 335 336 337 338 339 340 341 342 343 344 345 346 347 348 349 350 351 352 353 354 355 356 357 358 359 360 361 362 363 364 365 366 367 368 369 370 371 372 373 374 375
1000
376 377 378 379 380 381 382 383 384 385 386 387 388 389 390 391 392 393 394 395 396 397 398 399 400 401 402 403 404 405 406 407 408 409 410 411 412 413 414 415 416 417 418 419 420 421 422 423 424 425 426 427 428 429 430 431 432 433 434 435 436 437 438 439 440 441 442 443 444 445 446 447 448 449 450 451 452 453 454 455 456 457 458 459 460 461 462 463 464 465 466 467 468 469 470 471 472 473 474 475 476 477 478 479 480 481 482 483 484 485 486 487 488 489 490 491 492 493 494 495 496 497 498 499 500
1000
501 502 503 504 505 506 507 508 509 510 511 512 513 514 515 516 517 518 519 520 521 522 523 524 525 526 527 528 529 530 531 532 533 534 535 536 537 538 539 540 541 542 543 544 545 546 547 548 549 550 551 552 553 554 555 556 557 558 559 560 561 562 563 564 565 566 567 568 569 570 571 572 573 574 575 576 577 578 579 580 581 582 583 584 585 586 587 588 589 590 591 592 593 594 595 596 597 598 599 600 601 602 603 604 605 606 607 608 609 610 611 612 613 614 615 616 617 618 619 620 621 622 623 624 625
1000
676 677 678 679 680 681 682 683 684 685 686 687 688 689 690 691 692 693 694 695 696 697 698 699 700 701 702 703 704 705 706 707 708 709 710 711 712 713 714 715 716 717 718 719 720 721 722 723 724 725 726 727 728 729 730 731 732 733 734 735 736 737 738 739 740 741 742 743 744 745 746 747 748 749 750 751 752 753 754 755 756 757 758 759 760 761 762 763 764 765 766 767 768 769 770 771 772 773 774 775 776 777 778 779 780 781 782 783 784 785 786 787 788 789 790 791 792 793 794 795 796 797 798 799 800
1000
801 802 803 804 805 806 807 808 809 810 811 812 813 814 815 816 817 818 819 820 821 822 823 824 825 826 827 828 829 830 831 832 833 834 835 836 837 838 839 840 841 842 843 844 845 846 847 848 849 850 851 852 853 854 855 856 857 858 859 860 861 862 863 864 865 866 867 868 869 870 871 872 873 874 875 876 877 878 879 880 881 882 883 884 885 886 887 888 889 890 891 892 893 894 895 896 897 898 899 900 901 902 903 904 905 906 907 908 909 910 911 912 913 914 915 916 917 918 919 920 921 922 923 924 925 926 927 928 929 930 931 932 933 934 935 936 937 938 939 940 941 942 943 944 945 946 947 948 949 950 951 952 953 954 955 956 957 958 959 960 961 962 963 964 965 966 967 968 969 970 971 972 973 974 975 976 977 978 979 980 981 982 983 984 985 986 987 988 989 990 991 992 993 994 995 996 997 998 999 1000
1000
50 51 52 53 54 55 56 57 58 59 60 61 62 63 64 65 66 67 68 69 70 71 72 73 74 75 76 77 78 79 80 81 82 83 84 85 86 87 88 89 90 91 92 93 94 95 96 97 98 99 100
15
51 52 53 54 55 56 57 58 59 60 61 62 63 64 65 66 67 68 69 70 71 72 73 74 75 76 77 78 79 80 81 82 83 84 85 86 87 88 89 90 91 92 93 94 95 96 97 98 99 100 101
15
52 53 54 55 56 57 58 59 60 61 62 63 64 65 66 67 68 69 70 71 72 73 74 75 76 77 78 79 80 81 82 83 84 85 86 87 88 89 90 91 92 93 94 95 96 97 98 99 100 101 102
15
53 54 55 56 57 58 59 60 61 62 63 64 65 66 67 68 69 70 71 72 73 74 75 76 77 78 79 80 81 82 83 84 85 86 87 88 89 90 91 92 93 94 95 96 97 98 99 100 101 102 103
15
54 55 56 57 58 59 60 61 62 63 64 65 66 67 68 69 70 71 72 73 74 75 76 77 78 79 80 81 82 83 84 85 86 87 88 89 90 91 92 93 94 95 96 97 98 99 100 101 102 103 104
15
55 56 57 58 59 60 61 62 63 64 65 66 67 68 69 70 71 72 73 74 75 76 77 78 79 80 81 82 83 84 85 86 87 88 89 90 91 92 93 94 95 96 97 98 99 100 101 102 103 104 105
15
56 57 58 59 60 61 62 63 64 65 66 67 68 69 70 71 72 73 74 75 76 77 78 79 80 81 82 83 84 85 86 87 88 89 90 91 92 93 94 95 96 97 98 99 100 101 102 103 104 105 106
15
57 58 59 60 61 62 63 64 65 66 67 68 69 70 71 72 73 74 75 76 77 78 79 80 81 82 83 84 85 86 87 88 89 90 91 92 93 94 95 96 97 98 99 100 101 102 103 104 105 106 107
15
58 59 60 61 62 63 64 65 66 67 68 69 70 71 72 73 74 75 76 77 78 79 80 81 82 83 84 85 86 87 88 89 90 91 92 93 94 95 96 97 98 99 100 101 102 103 104 105 106 107 108
15
59 60 61 62 63 64 65 66 67 68 69 70 71 72 73 74 75 76 77 78 79 80 81 82 83 84 85 86 87 88 89 90 91 92 93 94 95 96 97 98 99 100 101 102 103 104 105 106 107 108 109
15
60 61 62 63 64 65 66 67 68 69 70 71 72 73 74 75 76 77 78 79 80 81 82 83 84 85 86 87 88 89 90 91 92 93 94 95 96 97 98 99 100 101 102 103 104 105 106 107 108 109 110
15
61 62 63 64 65 66 67 68 69 70 71 72 73 74 75 76 77 78 79 80 81 82 83 84 85 86 87 88 89 90 91 92 93 94 95 96 97 98 99 100 101 102 103 104 105 106 107 108 109 110 111
15
50 51 52 53 54 55 56 57 58 59 60
6
