1000
500
1 2 3 4 5 6 7 8 9 10 11 12 13 14 15 16 17 18 19 20 21 22 23 24 25 26 27 28 29 30 31 32 33 34 35 36 37 38 39 40 41 42 43 44 45 46 47 48 49 50 51 52 53 54 55 56 57 58 59 60 61 62 63 64 65 66 67 68 69 70 71 72 73 74 75 76 77 78 79 80 81 82 83 84 85 86 87 88 89 90 91 92 93 94 95 96 97 98 99 100 101 102 103 104 105 106 107 108 109 110 111 112 113 114 115 116 117 118 119 120 121 122 123 124 125 126 127 128 129 130 131 132 133 134 135 136 137 138 139 140 141 142 143 144 145 146 147 148 149 150 151 152 153 154 155 156 157 158 159 160 161 162 163 164 165 166 167 168 169 170 171 172 173 174 175 176 177 178 179 180 181 182 183 184 185 186 187 188 189 190 191 192 193 194 195 196 197 198 199 200 201 202 203 204 205 206 207 208 209 210 211 212 213 214 215 216 217 218 219 220 221 222 223 224 225 226 227 228 229 230 231 232 233 234 235 236 237 238 239 240 241 242 243 244 245 246 247 248 249 250 251 252 253 254 255 256 257 258 259 260 261 262 263 264 265 266 267 268 269 270 271 272 273 274 275 276 277 278 279 280 281 282 283 284 285 286 287 288 289 290 291 292 293 294 295 296 297 298 299 300 301 302 303 304 305 306 307 308 309 310 311 312 313 314 315 316 317 318 319 320 321 322 323 324 325 326 327 328 329 330 331 332 333 334 335 336 337 338 339 340 341 342 343 344 345 346 347 348 349 350 351 352 353 354 355 356 357 358 359 360 361 362 363 364 365 366 367 368 369 370 371 372 373 374 375 376 377 378 379 380 381 382 383 384 385 386 387 388 389 390 391 392 393 394 395 396 397 398 399 400 401 402 403 404 405 406 407 408 409 410 411 412 413 414 415 416 417 418 419 420 421 422 423 424 425 426 427 428 429 430 431 432 433 434 435 436 437 438 439 440 441 442 443 444 445 446 447 448 449 450 451 452 453 454 455 456 457 458 459 460 461 462 463 464 465 466 467 468 469 470 471 472 473 474 475 476 477 478 479 480 481 482 483 484 485 486 487 488 489 490 491 492 493 494 495 496 497 498 499 500 501 502 503 504 505 506 507 508 509 510 511 512 513 514 515 516 517 518 519 520 521 522 523 524 525 526 527 528 529 530 531 532 533 534 535 536 537 538 539 540 541 542 543 544 545 546 547 548 549 550 551 552 553 554 555 556 557 558 559 560 561 562 563 564 565 566 567 568 569 570 571 572 573 574 575 576 577 578 579 580 581 582 583 584 585 586 587 588 589 590 591 592 593 594 595 596 597 598 599 600 601 602 603 604 605 606 607 608 609 610 611 612 613 614 615 616 617 618 619 620 621 622 623 624 625 626 627 628 629 630 631 632 633 634 635 636 637 638 639 640 641 642 643 644 645 646 647 648 649 650 651 652 653 654 655 656 657 658 659 660 661 662 663 664 665 666 667 668 669 670 671 672 673 674 675 676 677 678 679 680 681 682 683 684 685 686 687 688 689 690 691 692 693 694 695 696 697 698 699 700 701 702 703 704 705 706 707 708 709 710 711 712 713 714 715 716 717 718 719 720 721 722 723 724 725 726 727 728 729 730 731 732 733 734 735 736 737 738 739 740 741 742 743 744 745 746 747 748 749 750 751 752 753 754 755 756 757 758 759 760 761 762 763 764 765 766 767 768 769 770 771 772 773 774 775 776 777 778 779 780 781 782 783 784 785 786 787 788 789 790 791 792 793 794 795 796 797 798 799 800 801 802 803 804 805 806 807 808 809 810 811 812 813 814 815 816 817 818 819 820 821 822 823 824 825 826 827 828 829 830 831 832 833 834 835 836 837 838 839 840 841 842 843 844 845 846 847 848 849 850 851 852 853 854 855 856 857 858 859 860 861 862 863 864 865 866 867 868 869 870 871 872 873 874 875 876 877 878 879 880 881 882 883 884 885 886 887 888 889 890 891 892 893 894 895 896 897 898 899 900 901 902 903 904 905 906 907 908 909 910 911 912 913 914 915 916 917 918 919 920 921 922 923 924 925 926 927 928 929 930 931 932 933 934 935 936 937 938 939 940 941 942 943 944 945 946 947 948 949 950 951 952 953 954 955 956 957 958 959 960 961 962 963 964 965 966 967 968 969 970 971 972 973 974 975 976 977 978 979 980 981 982 983 984 985 986 987 988 989 990 991 992 993 994 995 996 997 998
1000
1 501
100
2 502
100
4 504 3
100
5 505
100
6 506
100
7 507
100
8 508
100
9 509 503
100
10 510
100
11 511
100
12 512
100
13 513
100
14 514
100
15 515
100
16 516
100
17 517
100
18 518
100
19 519
100
20 1000
100
21 521
100
22 522
100
23 523
100
24 524
100
25 525
100
26 526
100
27 527
100
28 528
100
29 529
100
30 530
100
31 531
100
32 532
100
33 533
100
34 534
100
35 535
100
36 536
100
37 537
100
38 538
100
39 539
100
40 540
100
41 541
100
42 542
100
43 543
100
44 544
100
45 545
100
46 546
100
47 547
100
48 548
100
49 549
100
50 550
100
51 551
100
52 552
100
53 553
100
54 554
100
55 555
100
56 556
100
57 557
100
58 558
100
59 559
100
60 560
100
61 561
100
62 562
100
63 563
100
64 564
100
65 565
100
66 566
100
67 567
100
68 568
100
69 569
100
70 570
100
71 571
100
72 572
100
73 573
100
74 574
100
75 575
100
76 576
100
77 577
100
78 578
100
79 579
100
80 580
100
81 581
100
82 582
100
83 583
100
84 584
100
85 585
100
86 586
100
87 587
100
88 588
100
89 589
100
90 590
100
91 591
100
92 592
100
93 593
100
94 594
100
95 595
100
96 596
100
97 597
100
98 598
100
99 599
100
100 600
100
101 601
100
102 602
100
103 603
100
104 604
100
105 605
100
106 606
100
107 607
100
108 608
100
109 609
100
110 610
100
111 611
100
112 612
100
113 613
100
114 614
100
115 615
100
116 616
100
117 617
100
118 618
100
119 619
100
120 620
100
121 621
100
122 622
100
123 623
100
124 624
100
125 625
100
126 626
100
127 627
100
128 628
100
129 629
100
130 630
100
131 631
100
132 632
100
133 633
100
134 634
100
135 635
100
136 636
100
137 637
100
138 638
100
139 639
100
140 640
100
141 641
100
142 642
100
143 643
100
144 644
100
145 645
100
146 646
100
147 647
100
148 648
100
149 649
100
150 650
100
151 651
100
152 652
100
153 653
100
154 654
100
155 655
100
156 656
100
157 657
100
158 658
100
159 659
100
160 660
100
161 661
100
162 662
100
163 663
100
164 664 520
100
165 665
100
166 666
100
167 667
100
168 668
100
169 669
100
170 670
100
171 671
100
172 672
100
173 673
100
174 674
100
175 675
100
176 676
100
177 677
100
178 678
100
179 679
100
180 680
100
181 681
100
182 682
100
183 683
100
184 684
100
185 685
100
186 686
100
187 687
100
188 688
100
189 689
100
190 690
100
191 691
100
192 692
100
193 693
100
194 694
100
195 695
100
196 696
100
197 697
100
198 698
100
199 699
100
200 700
100
201 701
100
202 702
100
203 703
100
204 704
100
205 705
100
206 706
100
207 707
100
208 708
100
209 709
100
210 710
100
211 711
100
212 712
100
213 713
100
214 714
100
215 715
100
216 716
100
217 717
100
218 718
100
219 719
100
220 720
100
221 721
100
222 722
100
223 723
100
224 724
100
225 725
100
226 726
100
227 727
100
228 728
100
229 729
100
230 730
100
231 731
100
232 732
100
233 733
100
234 734
100
235 735
100
236 736
100
237 737
100
238 738
100
239 739
100
240 740
100
241 741
100
242 742
100
243 743
100
244 744
100
245 745
100
246 746
100
247 747
100
248 748
100
249 749
100
250 750
100
251 751
100
252 752
100
253 753
100
254 754
100
255 755
100
256 756
100
257 757
100
258 758
100
259 759
100
260 760
100
261 761
100
262 762
100
263 763
100
264 764
100
265 765
100
266 766
100
267 999
100
268 768
100
269 769
100
270 770
100
271 771
100
272 772
100
273 773
100
274 774
100
275 775
100
276 776
100
277 777
100
278 778
100
279 779
100
280 780
100
281 781
100
282 782
100
283 783
100
284 784
100
285 785
100
286 786
100
287 787
100
288 788
100
289 789
100
290 790
100
291 791
100
292 792
100
293 793
100
294 794
100
295 795
100
296 796
100
297 797
100
298 798
100
299 799
100
300 800
100
301 801
100
302 802
100
303 803
100
304 804
100
305 805
100
306 806
100
307 807
100
308 808
100
309 809
100
310 810
100
311 811
100
312 812
100
313 813
100
314 814
100
315 815
100
316 816
100
317 817
100
318 818
100
319 819
100
320 820
100
321 821
100
322 822
100
323 823
100
324 824
100
325 825
100
326 826
100
327 827
100
328 828
100
329 829 500
130
330 830
100
331 831
100
332 832
100
333 833
100
334 834
100
335 835
100
336 836
100
337 837
100
338 838
100
339 839
100
340 840
100
341 841
100
342 842
100
343 843
100
344 844
100
345 845
100
346 846
100
347 847
100
348 848
100
349 849
100
350 850
100
351 851
100
352 852
100
353 853
100
354 854
100
355 855
100
356 856
100
357 857
100
358 858
100
359 859
100
360 860
100
361 861
100
362 862
100
363 863
100
364 864
100
365 865
100
366 866
100
367 867
100
368 868
100
369 869
100
370 870
100
371 871
100
372 872
100
373 873
100
374 874
100
375 875
100
376 876
100
377 877
100
378 878
100
379 879
100
380 880
100
381 881
100
382 882
100
383 883
100
384 884
100
385 885
100
386 886
100
387 887
100
388 888
100
389 889
100
390 890
100
391 891
100
392 892
100
393 893
100
394 894
100
395 895
100
396 896
100
397 897
100
398 898
100
399 899
100
400 900
100
401 901
100
402 902
100
403 903
100
404 904
100
405 905
100
406 906
100
407 907
100
408 908
100
409 909
100
410 910
100
411 911
100
412 912
100
413 913
100
414 914
100
415 915
100
416 916
100
417 917
100
418 918
100
419 919
100
420 920
100
421 921
100
422 922
100
423 923
100
424 924
100
425 925
100
426 926
100
427 927
100
428 928
100
429 929
100
430 930
100
431 931
100
432 932
100
433 933
100
434 934
100
435 935
100
436 936
100
437 937
100
438 938
100
439 939
100
440 940
100
441 941
100
442 942
100
443 943
100
444 944
100
445 945
100
446 946
100
447 947
100
448 948
100
449 949
100
450 950
100
451 951
100
452 952
100
453 953
100
454 954
100
455 955
100
456 956
100
457 957
100
458 958
100
459 959
100
460 960
100
461 961
100
462 962
100
463 963
100
464 964
100
465 965
100
466 966
100
467 967
100
468 968 767
130
469 969
100
470 970
100
471 971
100
472 972
100
473 973
100
474 974
100
475 975
100
476 976
100
477 977
100
478 978
100
479 979
100
480 980
100
481 981
100
482 982
100
483 983
100
484 984
100
485 985
100
486 986
100
487 987
100
488 988
100
489 989
100
490 990
100
491 991
100
492 992
100
493 993
100
494 994
100
495 995
100
496 996
100
497 997
100
498 998
100
499 999
100
999 1000
150
