900
400
769 386 519 399 658 665 795 27 415 419 421 298 170 557 301 49 445 701 319 329 330 75 460 333 77 204 594 342 599 734 608 103 617 234 115 758 247
70
516 521 650 789 153 793 794 157 670 159 543 44 301 302 180 310 566 186 317 63 198 202 331 76 77 468 84 853 602 353 867 358 360 234 362 746 367 369 498
65
7 17 658 793 156 160 419 548 293 549 807 39 677 43 685 45 559 431 178 441 700 828 191 70 840 73 847 83 596 598 344 729 481 482 751 499 245 254 638 383
10
896 3 4 390 139 783 20 277 791 412 29 34 804 423 167 431 304 49 691 823 183 826 65 450 709 199 840 712 330 75 593 469 607 356 870 232 234 240 630 632
73
513 777 394 393 784 157 34 291 292 682 171 812 813 430 558 686 560 316 450 579 457 203 589 206 847 83 347 861 479 608 611 741 358 366 626 500 765 127
66
256 899 133 6 135 9 777 270 275 25 668 295 170 44 690 53 567 314 450 201 203 333 462 211 724 217 603 351 608 614 620 109 113 499 885 378 635 892
33
513 3 261 646 267 654 17 403 661 279 665 795 668 797 159 429 302 310 183 185 58 315 444 843 203 208 592 594 340 224 225 486 617 748 749 623 114 632 121 892
6
130 131 644 782 399 271 658 275 407 794 415 418 677 551 40 49 437 182 695 317 445 578 197 585 588 79 470 349 606 608 101 616 488 490 619 629 757 377 251 636
93
769 387 516 261 518 264 532 156 540 541 416 424 40 685 815 437 822 567 182 698 827 573 445 63 192 705 834 450 73 202 590 87 89 729 860 96 101 241 119 764
93
897 898 137 141 785 21 278 534 280 420 811 47 564 823 443 69 457 201 459 332 331 591 347 733 477 610 614 358 491 493 367 753 881 629 373 501 760 122
14
386 642 137 13 658 660 409 669 159 674 548 167 40 299 689 694 185 186 699 704 593 723 596 341 467 471 120 222 737 101 870 620 621 750 495 883 759 632 122 892
21
259 772 657 280 793 794 26 667 162 807 303 177 568 196 714 331 845 207 724 853 727 728 219 347 862 225 121 865 740 122 359 743 103 488 489 369 115 248 377 762
57
386 514 390 401 529 19 664 536 543 38 42 565 698 699 60 830 190 579 708 325 453 584 330 76 850 346 475 350 95 222 225 98 744 747 624 383
57
896 258 261 523 524 789 155 283 542 807 296 679 682 562 570 574 64 706 842 587 843 76 83 597 213 599 474 218 355 228 101 744 124 880 115 755 886 503 508 765
18
134 648 776 13 277 789 671 673 33 801 297 682 813 814 685 567 183 442 574 577 196 581 840 841 591 81 342 471 861 479 224 353 740 874 490 618 234 110 762
9
769 135 520 277 665 39 41 681 301 302 432 560 181 571 700 577 706 579 68 71 584 73 585 720 80 598 214 217 100 357 491 492 750 495 241 891 252 511
45
642 259 516 649 650 398 784 405 796 419 549 296 424 171 308 820 309 574 65 580 327 586 332 204 341 853 473 860 865 102 744 505 761 758 503 377 764 509 766
73
770 258 517 651 524 269 653 402 29 414 163 804 552 173 304 823 576 706 197 327 845 88 734 223 480 609 226 611 868 484 482 236 115 755 629 634 375 250 636 253
43
643 516 5 390 263 774 145 407 792 23 794 32 802 420 805 551 819 308 180 309 692 183 441 832 192 716 333 336 727 380 346 95 480 97 103 872 888 507 892 510
92
640 390 648 265 778 781 15 788 663 26 539 282 797 163 37 806 165 168 553 684 561 818 579 584 80 722 85 342 858 91 602 223 351 482 611 227 239 624 240 894
78
386 396 785 786 278 794 668 161 417 292 678 166 808 301 558 309 183 315 829 323 710 461 220 350 478 867 613 233 874 621 110 368 112 245 375 122 895
90
5 646 263 660 792 153 537 289 162 34 679 808 298 173 558 436 566 183 574 191 323 581 589 719 80 847 82 729 346 220 350 863 96 98 230 487 486 492 877 380
50
516 773 133 522 15 662 791 408 26 542 159 672 37 294 422 554 171 697 442 698 466 211 344 602 858 352 612 613 105 873 620 366 882 628 245 630 632 636 766
21
128 130 262 647 138 395 160 33 805 810 42 173 49 437 53 314 827 449 327 202 843 330 718 719 215 216 217 346 345 476 860 606 863 737 865 623 499 116 122
7
642 137 656 531 805 165 815 304 434 823 832 65 578 193 711 329 587 717 468 469 342 345 347 219 861 222 223 353 739 613 360 234 490 497 114 241 500 379 255
40
512 4 390 653 272 789 793 157 413 161 34 165 426 301 173 689 310 567 825 316 704 834 71 840 207 217 858 94 226 867 101 744 233 875 237 113 499 628 885
94
387 772 516 900 7 778 527 402 786 276 279 152 153 539 415 34 293 558 432 688 304 55 63 840 458 77 80 209 214 343 346 347 98 103 363 367 242 379
71
768 642 522 526 142 657 788 153 538 285 798 803 689 562 565 696 57 825 317 830 323 711 200 332 207 82 727 606 351 100 875 364 363 113 252 630 249 251 764
96
768 645 775 263 398 662 410 666 541 798 31 417 548 37 165 685 174 695 827 315 317 572 837 460 720 851 729 731 347 733 348 479 738 612 872 489 747 498 886 379
13
515 136 393 781 527 535 152 23 543 160 418 804 679 683 46 179 695 824 576 705 707 836 335 847 595 212 476 94 865 871 750 751 240 878 244 118 760 633 250 766
28
897 2 388 390 529 658 660 151 536 283 540 805 422 553 554 43 172 177 564 183 441 825 188 453 333 593 466 723 210 725 856 344 729 476 220 738 113 246 126
96
768 780 526 528 145 18 786 793 796 417 548 421 552 297 554 301 430 174 313 191 842 458 718 594 723 725 89 478 479 352 232 362 492 110 887 242 756 629 119 632
26
898 773 264 521 265 269 399 19 153 795 797 542 160 162 803 294 820 701 574 449 453 199 584 716 845 78 589 465 596 85 725 858 91 92 230 872 747 242 631 376
48
515 134 9 13 398 656 21 278 792 154 415 425 813 302 559 309 58 444 318 830 63 709 453 584 717 718 78 720 88 857 90 101 110 498 627 502 119 121 764 126
83
261 6 263 138 395 523 525 273 282 414 805 45 303 691 308 822 439 58 699 574 705 323 711 72 331 337 339 601 479 874 492 240 625 114 880 502 505 122 894
7
515 263 776 522 653 398 409 26 155 411 291 293 685 813 175 434 313 697 577 706 714 843 463 722 339 851 214 855 94 735 608 482 102 615 360 749 504 893
14
130 645 134 648 266 650 275 531 792 537 153 543 291 807 553 173 431 52 181 699 571 829 458 588 78 590 598 90 94 735 609 226 483 489 107 110 367 501 119 766
30
1 8 638 523 13 654 399 784 275 21 31 32 289 676 812 175 306 180 821 823 439 315 317 577 66 193 336 593 87 861 224 865 871 361 747 751 752 497 510 255
5
643 644 389 772 392 650 781 399 661 534 662 546 299 558 820 821 55 186 317 705 194 580 197 78 720 210 728 602 733 605 606 611 99 614 361 362 377 371 757 249
21
128 129 136 9 139 524 13 14 529 785 147 660 661 150 23 537 538 413 799 676 37 549 171 309 569 185 450 716 78 466 212 87 742 872 749 755 500 883
33
642 2 900 392 267 275 532 410 543 805 806 807 37 686 307 567 569 699 573 574 446 192 832 456 463 79 88 604 736 743 235 107 876 239 624 241 881 632 123
85
653 399 531 150 664 160 548 166 807 680 811 686 178 179 181 312 445 707 197 203 76 333 462 720 849 473 611 869 487 616 504 873 621 112 370 885 375 248 508
40
386 643 781 893 284 167 552 808 683 302 560 305 690 563 437 181 439 185 569 186 705 321 454 459 205 334 472 733 97 98 744 106 620 752 242 118 762 891 125 895
28
387 131 132 650 651 658 147 533 406 409 410 420 676 556 559 688 561 50 822 574 63 67 451 70 201 846 335 595 340 341 89 90 346 733 611 489 365 625 763 637
25
771 389 135 647 785 786 403 157 542 32 552 169 298 427 432 436 54 316 451 195 457 717 335 339 214 473 345 731 732 604 607 611 486 744 754 755 634 889 506 508
1
514 900 12 13 529 402 659 534 282 795 415 161 34 307 824 70 328 202 587 77 465 82 594 473 608 226 867 98 488 745 490 364 750 495 112 626 246 631
16
641 770 3 132 775 12 271 20 156 669 540 682 46 51 823 452 455 74 203 843 719 720 80 723 727 346 474 92 347 732 869 358 232 617 622 496 497 755 501 126
44
389 6 263 390 267 524 657 17 408 536 282 539 797 674 290 35 807 432 311 697 574 705 452 840 331 463 474 349 862 608 741 378 626 243 630 759 890 764
58
514 387 255 645 135 138 394 650 401 17 659 786 665 27 811 429 815 49 827 450 195 583 327 842 587 462 719 81 722 595 247 354 227 233 881 758 887 510 895
15
769 131 263 531 280 26 666 28 30 290 162 807 423 169 424 46 304 307 52 697 188 62 67 451 579 198 585 79 855 862 226 98 612 740 234 114 885 118 122 251
58
140 525 398 19 151 282 160 165 38 815 178 568 185 192 449 66 198 71 584 201 74 207 469 598 607 98 486 870 232 747 748 237 621 367 366 755 631 253 766
20
897 772 390 140 142 17 276 280 165 295 811 172 683 431 563 570 699 322 708 716 846 337 851 599 474 602 736 738 356 869 359 109 241 882 755 250 892 381
23
384 1 517 261 266 652 407 796 156 673 290 162 171 176 307 186 317 189 325 457 717 208 594 212 85 726 852 604 481 107 876 238 113 500 634 888 890 507 636
12
643 4 5 388 775 647 649 645 771 264 783 785 18 17 151 668 32 549 45 301 175 561 822 699 576 65 834 68 713 592 851 596 599 90 349 479 227 252
63
385 387 259 395 140 270 787 279 284 669 287 674 419 297 169 814 558 54 314 699 445 832 709 839 71 586 332 851 88 91 219 359 871 874 747 365 111 498 371 893
95
896 257 3 7 136 392 656 145 532 405 662 544 291 679 296 302 431 687 189 62 319 714 205 845 719 84 218 737 97 357 870 746 874 621 878 368 241 501 632
96
512 257 636 7 10 653 785 657 276 149 407 409 668 286 799 414 438 700 189 192 66 708 847 592 853 347 220 91 862 737 612 613 486 105 235 505 378 764 510 767
75
3 132 778 139 12 522 141 11 400 275 790 150 793 796 285 800 161 418 679 46 817 306 51 692 437 822 570 700 702 713 466 469 853 97 483 231 236 119 380 895
28
128 387 5 774 263 10 138 651 270 657 403 791 800 41 426 44 433 692 59 703 319 326 72 202 844 719 466 725 600 347 247 740 361 367 501 374 375 893 510 639
24
516 144 145 535 542 417 291 39 556 304 52 54 695 183 442 443 707 455 456 202 843 77 590 207 333 465 464 848 350 223 608 97 613 615 361 363 497 761 505
99
386 650 525 781 15 657 17 531 275 532 796 809 305 306 561 53 570 572 573 319 194 323 324 709 457 74 331 592 595 476 615 744 105 878 626 754 252 125 766
34
135 138 651 11 410 794 161 674 675 549 806 552 810 303 437 694 567 438 441 830 835 836 196 841 715 341 598 600 93 352 226 249 743 362 109 750 240 245 888 761
48
389 399 669 544 801 160 164 552 553 808 169 680 171 176 49 822 66 453 839 199 331 460 845 587 467 852 214 343 859 480 615 748 881 245 253 123 381
45
512 769 643 134 646 391 521 397 145 786 667 797 38 39 807 297 810 42 556 178 434 693 59 444 70 198 841 586 714 80 467 853 219 742 488 489 621 114 504 889
50
1 136 779 11 789 408 153 157 161 420 422 296 297 430 432 48 65 706 452 587 464 209 595 341 217 859 476 731 481 867 744 748 625 244 116 503 761 253
69
899 3 134 523 651 527 660 405 152 793 667 284 411 542 294 687 304 817 566 314 187 444 446 830 318 454 720 599 480 737 361 233 878 879 880 241 117 118 249 510
70
764 651 659 19 149 540 40 553 50 564 823 61 702 193 321 835 197 581 200 460 332 593 209 854 605 222 736 867 357 358 871 743 489 873 485 745 753 627 252
99
512 130 7 511 13 657 22 278 280 406 687 816 821 824 832 65 833 454 71 457 205 207 213 731 92 605 478 352 610 744 748 624 880 631 760 122 123 508 254 767
35
512 129 133 518 649 9 11 395 270 282 412 798 420 554 811 430 175 560 567 62 451 708 78 336 469 86 224 867 100 235 492 493 495 883 372 501 630 635 894
7
899 518 138 522 656 785 793 411 541 159 291 549 299 817 180 694 312 317 574 707 325 74 77 592 595 598 87 473 89 219 349 100 490 107 106 750 112 119 381 638
96
128 897 770 519 139 142 270 528 409 157 415 547 424 169 170 304 817 54 696 829 701 66 324 82 213 598 609 482 98 740 742 230 754 631 888 377 378 635 510 767
17
646 647 142 15 18 788 21 662 536 155 28 293 679 168 552 174 430 816 819 827 454 333 206 82 88 858 476 605 488 106 619 108 621 494 370 122 894
26
768 516 518 782 402 277 663 665 284 415 290 548 555 813 814 816 437 54 825 575 66 708 456 330 723 85 471 473 219 224 739 872 748 492 495 370 500 246 891
54
512 130 516 391 648 11 14 783 532 537 550 39 296 294 554 172 815 306 439 195 455 840 457 844 717 590 462 340 863 608 232 106 235 748 111 631 893 127
82
259 3 644 8 392 394 265 653 397 282 797 286 806 300 429 686 559 816 695 826 314 575 67 845 723 469 857 859 482 105 876 493 111 241 625 500 885 884 373
64
384 515 131 519 392 10 524 784 659 147 410 541 288 546 548 177 435 311 191 66 580 455 201 458 459 76 589 340 85 728 349 865 488 746 876 883 755 757 376
12
3 510 777 521 272 785 402 277 662 535 27 284 800 545 162 675 804 679 555 184 186 59 707 837 198 199 840 713 587 862 739 868 104 747 619 493 237 494 632 894
46
512 128 385 261 518 779 781 531 23 281 30 420 805 167 681 41 43 434 436 565 180 569 570 60 329 592 88 472 476 861 227 618 494 111 497 117 888 890 251 638
13
636 260 651 652 408 156 541 417 547 551 681 555 684 305 56 64 449 193 455 845 462 720 849 853 214 218 730 860 474 222 866 482 362 875 629 376 121 507 508 895
68
900 779 144 273 274 796 672 547 675 166 551 41 682 556 45 558 303 429 174 434 179 63 197 76 212 216 478 350 615 104 871 235 878 112 240 757 891 252 381
87
636 258 515 149 405 22 537 34 36 422 424 554 816 176 53 695 829 190 579 582 459 463 594 596 601 217 863 480 102 746 365 624 116 245 760 379 252 638
31
270 538 283 30 545 34 38 422 294 50 691 306 565 818 567 451 836 584 589 719 724 213 729 249 743 745 746 110 623 369 753 627 244 114 116 497 120 121
35
512 898 771 4 134 648 145 404 277 536 280 155 412 676 678 41 683 45 49 565 455 584 334 464 84 600 99 485 873 362 876 622 879 754 884 117 760 889 255
67
896 516 389 134 261 264 394 12 142 782 272 529 786 658 659 21 282 670 40 553 51 61 703 64 324 69 326 332 597 727 728 346 861 353 870 615 622 368 504 124
16
2 268 271 272 660 405 794 542 159 416 803 292 677 551 811 172 48 51 436 309 439 56 322 453 197 327 77 846 719 473 865 228 871 236 242 884 502 891 893
99
896 259 520 272 662 665 793 410 540 29 158 31 672 289 673 166 680 298 690 824 58 317 320 711 202 205 590 597 91 478 616 879 381 884 376 378 763 380 765
47
138 267 403 153 537 30 671 544 291 808 297 682 301 819 315 834 194 580 329 203 204 333 722 210 468 341 599 89 217 729 602 97 482 610 225 107 369 241 116 120
80
1 398 530 22 278 664 670 33 296 297 427 428 47 303 563 309 823 439 697 570 698 185 445 314 450 583 328 201 461 339 602 93 747 236 492 243 757 631 766 255
25
514 643 645 7 136 765 395 19 151 408 281 410 154 795 28 32 46 315 837 201 202 715 718 334 724 340 342 857 474 220 740 102 746 751 241 754 120 893 766 767
49
3 261 521 638 527 658 151 156 542 158 802 164 805 294 423 815 183 187 831 197 581 337 338 473 352 96 98 482 871 110 240 628 373 500 117 376 249 374 765 510
47
899 388 389 262 5 658 18 275 154 543 674 556 174 51 181 315 573 703 449 834 578 708 457 204 590 851 852 598 731 354 357 112 753 754 116 757 630 378 766 767
95
258 389 263 136 521 649 264 398 656 24 153 409 282 414 31 418 291 43 302 690 819 824 569 826 315 697 579 708 325 334 342 479 631 874 881 118 759 123 126
18
260 390 135 646 9 521 395 781 141 21 661 280 664 26 538 415 42 820 700 193 836 580 68 584 76 77 590 595 86 343 731 354 355 615 621 239 112 497 504 383
66
385 4 267 140 781 531 148 24 26 284 669 157 419 676 423 40 812 813 173 46 684 307 435 691 697 442 317 453 76 334 722 725 741 103 618 747 111 499 500 127
25
260 7 777 275 533 149 27 284 32 166 807 168 170 427 688 829 190 64 321 706 452 330 205 211 724 595 472 607 480 121 739 870 230 107 621 110 381 889 891 637
34
129 515 273 661 663 408 794 667 412 800 163 40 427 683 559 820 821 445 452 464 209 211 596 859 225 612 484 357 876 240 368 114 498 880 119 376 381 511
84
257 131 644 784 282 672 295 170 427 45 814 433 696 56 315 573 701 457 586 462 720 592 722 595 474 859 733 222 375 490 369 115 756 117 245 758 627 630 638
40
4 8 777 267 395 782 783 531 666 284 157 292 681 299 302 821 181 568 314 59 699 63 577 451 836 581 711 719 596 468 84 727 602 96 484 870 621 885 886 383
49
648 266 780 12 658 787 406 411 156 158 801 422 562 53 693 183 715 206 337 209 211 340 85 477 121 615 361 619 878 111 751 243 371 758 503 504 761 890 252
77
512 258 898 645 394 780 396 525 655 401 529 275 410 796 541 551 297 176 304 61 62 445 830 833 66 711 583 593 86 223 737 866 483 103 492 110 883 247 379 380
86
256 640 386 389 648 267 397 407 282 796 419 804 37 177 49 563 440 62 578 323 452 579 717 461 722 858 736 96 484 487 231 871 618 108 877 493 622 498 761 764
52
3 771 11 12 781 665 290 162 677 806 550 293 809 683 428 45 47 688 307 63 196 454 204 844 718 467 599 346 223 863 226 356 101 102 363 497 503 126 127
90
896 770 7 8 391 140 658 660 149 413 168 173 430 432 561 309 567 829 703 202 719 849 850 851 467 212 598 213 216 856 217 737 355 744 234 490 115 630 123 636
69
2 519 653 533 407 279 793 151 536 671 291 293 294 679 549 426 46 687 176 302 562 818 438 828 62 448 838 80 593 464 214 600 472 739 245 629 247 380
77
772 135 265 138 524 653 147 661 542 287 544 162 163 420 164 167 680 41 560 61 72 458 842 77 724 598 214 602 860 356 107 623 496 113 370 497 119 120
61
387 263 779 269 15 16 403 792 796 159 31 674 810 173 568 186 571 323 836 79 208 209 82 340 88 476 93 608 366 112 496 500 117 502 758 762 123 382
98
769 514 392 265 779 143 402 532 26 28 541 554 303 49 307 564 57 314 699 833 81 593 595 850 341 216 737 866 483 611 742 622 495 500 501 374 633 378 638
90
774 268 783 655 20 277 534 540 544 33 290 675 805 553 304 694 439 191 324 198 327 73 204 81 343 728 601 604 349 350 607 485 615 360 106 877 238 373 254
83
896 257 650 394 268 783 528 658 787 791 797 286 36 292 681 301 180 53 567 56 318 447 834 838 72 209 599 856 343 218 219 346 610 869 101 617 753 114 375
98
4 521 780 396 268 274 788 406 280 793 794 284 291 44 174 431 179 693 821 313 186 444 700 702 836 840 461 211 853 343 861 607 225 487 488 886 503 250
38
129 382 391 9 654 276 662 407 281 667 37 806 685 312 313 829 63 577 706 70 204 846 719 81 468 852 213 855 217 602 735 358 230 874 109 493 624 629 254
81
772 5 138 527 272 273 529 403 276 282 668 413 669 288 676 682 692 696 56 186 316 192 67 203 849 597 343 475 220 861 866 484 485 362 748 753 370 625 377 509
79
128 130 773 262 135 648 264 142 527 654 404 276 285 800 425 171 50 439 698 827 61 830 201 331 848 215 88 119 355 230 617 746 490 621 881 628 759 632 121 638
45
896 768 515 399 786 404 278 31 550 294 806 423 46 51 821 694 439 569 701 574 67 197 327 593 212 732 352 483 487 744 232 504 874 882 116 630 502 632 381
89
897 898 643 387 386 513 391 525 785 147 405 280 282 668 676 293 169 686 558 561 177 817 822 571 315 701 719 211 84 474 602 607 608 866 739 486 108 238 892
78
641 776 648 266 650 397 270 529 664 542 799 801 675 420 299 47 439 311 833 705 323 196 66 198 332 77 591 847 337 600 88 220 476 223 735 234 242 501 638
14
392 527 529 275 280 794 667 154 541 671 160 421 294 43 172 688 561 691 310 439 312 442 188 580 843 461 719 853 89 97 741 231 103 746 365 752 371 118
73
642 900 133 135 778 525 279 31 298 300 304 183 696 439 827 62 321 705 453 72 585 203 590 848 595 469 215 218 94 865 738 355 363 880 756 886 760 123 892 765
90
515 774 6 776 781 145 151 669 670 32 674 548 423 551 553 688 307 51 445 189 576 66 325 588 204 209 85 472 476 352 226 741 102 742 875 749 879 623 635 766
66
128 258 646 263 394 269 270 659 407 412 797 162 421 37 424 314 829 64 193 708 846 851 342 220 607 740 231 361 490 491 106 876 887 500 116 631 377 508 638
36
645 510 390 396 271 23 152 154 28 156 797 671 800 288 162 420 424 816 178 693 575 64 451 324 69 838 457 74 210 727 603 349 607 485 870 360 238 368 126
48
128 384 258 769 5 390 393 268 146 149 279 664 24 791 155 670 671 678 422 425 174 47 310 185 574 190 74 587 462 210 598 351 223 868 488 362 108 242 121
32
514 131 135 777 268 402 660 405 663 536 25 285 291 37 682 555 170 175 568 827 444 573 62 64 195 72 586 843 458 77 334 218 225 610 108 625 370 369 377 767
86
516 265 779 656 18 402 149 277 535 789 281 794 283 542 799 552 809 300 47 50 51 52 821 186 575 578 707 452 454 77 340 221 226 227 746 365 752 240 370
19
512 130 770 135 392 10 13 402 19 282 28 796 671 807 39 170 171 559 177 307 55 443 578 196 453 210 595 469 855 87 602 605 744 747 125 636 381 510
94
3 516 5 647 519 526 144 159 418 162 36 676 426 174 814 435 52 822 55 442 573 189 703 75 716 589 464 597 729 608 482 869 362 114 115 504 378 124 255
33
2 515 5 647 781 527 655 401 404 537 412 417 294 295 168 681 171 811 302 694 582 199 591 849 467 723 853 342 86 600 88 738 228 229 751 113 244 503 767
72
387 515 133 8 141 142 399 276 535 279 410 539 795 29 290 674 676 39 173 560 433 52 822 449 833 450 710 582 846 465 209 210 858 350 866 880 757 630 125 511
78
385 260 389 648 539 31 805 559 692 312 186 571 703 450 579 835 712 590 337 338 852 596 340 599 858 609 354 226 611 485 103 873 621 623 756 630 249 763 252 511
38
516 261 6 135 136 779 271 144 793 410 539 795 285 158 417 546 164 549 39 42 685 432 436 69 841 334 720 469 599 863 96 224 738 871 743 247 634 893
53
768 897 387 388 392 18 274 535 792 795 162 677 37 47 48 561 306 819 820 693 55 59 187 195 199 583 331 81 596 469 470 859 869 234 746 371 501 630 375 121
2
771 645 520 13 525 398 526 663 153 297 684 686 815 436 312 327 75 459 843 846 847 83 469 854 213 221 94 606 228 103 107 621 365 495 112 622 502 892 125
43
768 513 259 773 134 396 142 528 274 531 789 277 23 25 538 283 667 540 159 289 675 165 299 811 430 815 305 436 695 315 197 206 208 477 94 865 869 875 250 125
20
512 130 650 654 25 284 285 156 668 288 38 42 429 431 51 565 567 703 449 579 453 325 77 334 342 90 731 608 226 738 355 100 231 489 745 620 623 115 118 761
44
769 385 519 649 650 142 536 411 287 552 41 297 171 428 176 690 567 697 570 702 447 834 835 588 205 344 483 868 870 488 616 106 108 622 112 890 380 637
86
770 261 522 780 399 19 21 23 791 435 564 183 572 318 323 582 200 76 332 334 337 84 480 608 482 97 356 229 103 874 365 751 111 881 498 371 245 374 887 510
54
769 521 269 526 400 659 275 26 802 34 420 805 37 169 683 687 49 189 68 69 70 588 334 468 858 734 351 482 867 610 488 104 872 108 367 626 890 123 252
64
647 524 786 275 406 534 536 409 539 415 162 290 36 547 808 809 811 45 558 688 177 314 60 317 574 706 578 331 203 205 727 731 92 230 878 625 374 504
99
640 514 898 637 8 651 401 273 531 894 405 535 155 795 289 171 684 175 560 308 314 445 70 455 73 458 205 224 487 618 496 497 887 249 509 254 511
15
259 3 646 134 518 390 651 395 658 403 20 659 153 155 32 163 42 817 562 58 573 703 575 577 833 585 458 213 91 221 737 865 482 100 230 876 367 370 886 892
4
132 262 9 778 265 141 654 399 272 527 639 150 665 797 416 291 808 553 46 562 697 189 460 339 343 89 94 478 480 486 102 104 488 366 623 880 499 503 376 767
25
129 771 516 131 3 775 392 523 13 782 405 154 808 298 559 693 182 566 192 709 582 581 712 586 75 467 214 88 346 606 96 248 611 103 487 622 112 888 378 767
40
384 128 513 131 900 640 12 653 269 782 528 532 789 155 669 673 37 806 168 42 426 686 304 51 705 838 72 585 76 716 344 857 473 355 234 372 501 379 636
63
2 132 264 649 781 531 533 153 281 670 160 545 684 176 311 184 833 450 452 76 206 849 83 599 729 90 733 607 354 619 364 110 752 507 632 635 127
5
512 388 774 779 267 529 19 666 282 544 677 422 424 425 170 683 44 301 432 308 821 183 696 191 843 853 473 348 220 477 354 101 742 109 111 882 759 632 250
22
641 642 650 139 141 654 639 398 538 26 540 32 288 806 678 168 429 687 432 693 694 566 319 832 576 708 722 84 343 218 357 486 370 114 242 763 510 767
54
512 260 652 786 152 26 539 36 805 550 813 176 692 313 442 188 318 64 837 332 718 848 595 852 340 725 728 221 479 866 356 357 101 228 103 362 107 622 879 892
40
517 649 400 787 792 667 28 541 671 287 807 810 430 47 52 440 825 321 707 451 328 459 204 206 596 597 854 472 610 483 611 229 362 365 622 118 635 253 638
18
392 535 796 156 414 544 673 546 35 160 294 808 425 296 314 443 199 328 76 719 336 82 730 95 96 737 607 870 486 359 617 632 111 751 497 116 248 249 123 636
20
768 387 134 648 138 540 28 286 671 31 673 674 420 678 168 553 303 816 306 565 694 442 700 833 322 71 201 842 337 85 95 609 481 875 877 506 761 890 511
88
768 129 135 776 529 794 669 675 292 677 294 41 809 300 303 304 180 437 697 185 444 573 325 458 465 212 89 217 93 361 490 626 116 757 502 253 893
94
256 386 389 524 143 399 655 657 20 404 666 542 34 805 422 168 553 173 181 186 829 831 448 71 456 843 206 592 594 851 214 480 238 753 500 117 508 637
30
256 514 899 264 143 400 662 408 795 35 803 41 814 815 304 50 310 694 185 827 192 576 194 76 335 725 726 470 224 868 356 487 750 371 244 379 377 507 766
7
768 386 259 255 258 646 644 523 785 149 156 412 419 165 39 296 425 43 559 434 308 54 55 698 187 699 829 322 452 581 455 586 463 208 209 89 348 735 500 767
97
898 643 899 517 518 131 266 278 663 27 667 412 158 673 33 801 295 424 816 691 697 201 329 204 845 333 336 469 216 729 474 220 734 864 230 495 756 632 638 895
48
1 900 260 650 779 664 410 34 420 678 550 425 171 427 558 434 824 440 313 187 189 575 453 459 844 587 845 341 599 858 731 483 228 105 625 241 631 250 508 255
75
523 654 147 277 414 800 418 291 549 435 569 186 572 710 456 714 852 597 856 859 603 91 734 96 609 866 611 740 614 233 108 493 109 879 500 245 505 507 511
39
516 262 520 394 266 657 276 282 794 157 542 287 419 806 166 555 299 45 815 304 818 179 826 829 575 193 711 327 216 346 476 477 866 868 742 495 368 883 639
87
3 515 520 784 18 658 660 30 39 168 681 169 176 435 437 694 827 573 581 711 715 331 333 589 207 336 76 597 727 866 356 103 106 875 752 496 503 377 890
60
774 646 265 10 777 779 398 529 276 660 533 406 668 796 670 803 424 42 554 811 181 701 319 705 578 453 837 327 326 717 720 592 850 853 601 479 491 879 626 631
63
4 388 393 266 651 396 525 780 265 658 147 667 414 160 289 802 421 427 684 301 562 54 55 696 57 705 88 729 859 604 225 482 234 747 621 494 247 121
51
10 395 143 657 405 25 411 160 801 162 166 168 681 298 171 303 307 696 569 575 705 203 77 339 852 853 471 217 866 739 488 250 236 365 625 627 122 510 639
78
130 271 144 659 533 793 284 669 672 802 803 805 421 806 680 172 309 566 695 697 570 323 579 458 75 83 344 857 220 352 867 739 871 235 239 240 629 631
68
899 643 135 520 648 268 141 780 527 658 146 790 792 674 292 37 167 171 172 57 707 709 587 718 83 723 341 215 344 602 605 100 229 614 359 623 241 883 375
48
137 523 779 276 539 415 36 677 678 685 814 180 826 829 193 194 713 460 846 721 593 598 343 473 347 91 94 610 483 611 614 488 235 748 112 241 626 753 249 252
36
129 3 515 391 268 13 783 17 663 420 294 809 47 822 571 190 580 708 715 844 588 590 719 860 94 126 491 363 368 241 370 371 243 885 883 887 248 890 764 766
86
5 651 653 656 657 529 403 674 36 549 688 49 569 314 698 837 456 206 848 208 86 214 476 477 478 735 248 100 228 872 746 235 238 623 750 760 626 758 632 509
14
519 10 144 656 275 662 414 31 550 297 684 562 182 695 569 441 190 67 451 707 327 75 717 470 91 604 861 485 487 236 113 115 884 501 502 757 883 251 381 127
72
768 896 898 900 644 520 522 394 783 144 662 28 420 296 297 45 175 561 54 695 701 450 196 329 714 848 209 596 215 226 869 229 359 872 748 492 507 379 511
64
514 645 518 398 401 276 533 280 409 669 286 543 160 692 694 440 570 188 702 448 71 712 844 590 337 215 88 216 220 605 483 740 868 873 368 241 498 755 122 893
21
514 130 521 653 531 541 544 288 166 807 424 428 815 309 437 438 573 61 703 321 201 458 203 204 844 466 342 88 604 611 740 488 235 625 884 885 756 507 893 383
59
6 520 393 650 268 13 141 18 530 532 664 162 547 419 38 429 559 175 49 51 703 320 709 584 713 200 715 74 716 336 850 726 729 476 351 109 633 249 124
100
513 772 135 138 656 149 278 538 155 542 673 33 165 809 432 561 442 61 830 318 67 198 455 202 717 464 84 214 90 731 478 740 869 616 880 496 115 119 248 636
89
521 11 525 655 656 783 145 23 24 663 538 671 545 802 676 549 678 557 686 694 186 572 581 70 712 841 332 720 213 729 857 221 479 611 355 741 871 506
61
514 7 522 767 795 156 671 41 685 430 688 176 50 564 566 183 825 324 199 83 211 214 470 472 215 602 475 610 483 101 613 744 489 362 365 240 637 127
87
387 261 520 267 401 405 23 27 288 547 548 295 560 819 52 694 586 843 848 849 598 345 346 476 733 608 225 98 352 614 615 368 372 244 504 761 378 635 637 890
68
518 13 142 654 270 275 787 790 535 797 162 548 422 554 682 556 46 559 309 568 60 829 62 319 448 705 68 585 462 83 853 481 870 360 488 748 876 246 507 511
100
258 133 777 524 784 273 275 147 671 800 161 802 546 419 559 688 434 702 581 587 719 594 723 86 858 603 355 357 234 878 750 238 626 371 375 633 124 895
89
10 650 140 400 531 149 534 24 287 544 163 291 549 551 807 47 306 693 187 572 583 456 457 589 845 463 220 605 733 606 233 236 626 882 499 118 375 890
86
769 135 649 137 146 23 284 802 34 37 295 168 814 302 53 309 442 833 835 840 842 334 79 345 602 859 348 869 614 102 104 619 492 365 621 502 635 508 125
33
640 898 771 774 648 656 530 19 533 802 44 301 688 820 187 827 452 842 719 337 81 721 213 472 346 348 476 226 611 743 489 874 883 116 373 501 638
87
640 261 7 276 534 791 663 25 282 667 414 562 690 56 570 712 465 83 468 344 861 734 349 610 484 489 491 619 237 110 495 751 500 244 632 377 893 127
59
513 3 133 777 395 796 30 675 424 296 40 555 301 559 303 50 435 180 181 178 311 57 829 62 319 330 717 80 595 343 90 219 218 612 870 369 498 881 121 251
3
512 6 647 648 526 398 154 540 156 161 546 549 167 173 565 56 316 192 833 707 718 84 87 471 120 733 477 353 376 742 230 362 877 240 882 371 884 372 632
24
769 642 521 269 783 405 541 33 421 295 679 171 172 173 302 814 304 49 306 180 318 446 192 449 323 711 204 718 848 851 83 84 348 106 619 621 495 627 122 509
42
512 897 388 133 775 136 266 270 144 19 278 282 163 679 298 299 429 432 700 446 839 200 455 586 718 335 592 336 867 102 871 361 233 238 624 240 499 374 763
44
518 647 12 145 785 19 788 150 535 281 28 160 809 682 810 811 173 814 690 180 54 57 698 571 445 452 453 204 337 856 473 90 859 607 482 610 487 750 244 895
91
259 772 519 892 652 143 18 275 20 148 662 404 664 796 541 30 799 33 428 303 561 433 695 568 450 837 586 332 590 720 345 602 738 357 627 116 764 382
64
256 131 518 9 522 269 273 404 790 407 283 796 32 801 546 418 422 40 432 54 316 190 194 585 589 78 79 207 600 859 347 865 357 877 240 371 374 375
61
128 2 772 265 269 141 655 144 532 285 800 801 803 35 678 553 298 556 46 431 48 440 448 452 333 206 466 473 90 350 614 871 104 873 495 759 504 378 510
58
389 517 262 400 785 788 533 31 416 550 297 811 684 308 828 701 190 830 448 706 66 194 199 587 715 337 723 724 347 734 483 239 241 882 498 633 252 383
96
769 772 140 271 528 153 794 538 162 40 812 301 309 181 830 325 459 336 592 596 87 88 727 730 94 223 736 607 741 104 363 619 240 112 242 502 377
78
770 6 519 137 393 11 396 786 277 802 37 294 808 298 811 686 817 433 822 55 447 449 450 708 77 846 462 212 856 352 867 356 103 624 500 374 886 760 505 127
21
769 133 138 779 12 14 151 30 676 37 298 689 305 563 565 54 568 313 192 451 196 77 593 211 468 213 85 344 218 615 876 492 621 752 115 885 760 764 767
69
519 278 26 666 41 171 812 43 172 816 307 695 439 58 572 445 63 575 195 579 710 329 469 854 471 600 731 348 738 504 105 616 632 878 111 370 374 119 248 638
90
770 383 776 12 277 280 410 162 36 805 165 296 692 436 696 825 699 701 839 331 716 587 462 332 717 208 339 347 860 94 480 738 739 491 117 377 762 123 125 127
1
900 518 390 392 650 269 653 144 154 671 803 423 170 687 688 820 822 695 439 697 569 58 575 708 455 459 204 844 334 78 724 852 725 97 98 486 754 372 500 895
95
900 135 519 395 787 535 280 282 547 424 171 556 437 826 316 322 67 712 75 460 590 207 592 720 79 344 345 88 92 355 739 104 747 620 495 500 117 888 507 125
20
772 389 263 9 778 265 270 526 402 277 537 806 679 169 809 430 183 833 451 707 585 842 336 851 471 88 611 234 493 365 367 368 369 373 757 759 245 889
56
772 900 391 521 523 511 16 404 408 664 155 799 683 179 53 55 57 445 451 69 581 709 714 331 76 80 210 471 729 221 222 865 613 489 873 491 621 239 374 895
32
133 6 777 270 275 668 540 804 293 811 50 53 438 315 705 193 199 586 588 333 77 849 725 599 343 348 97 359 621 110 367 751 880 756 886 121 250 639
11
385 391 140 525 16 528 277 791 24 284 158 291 677 565 442 189 833 322 72 200 844 461 721 341 859 92 221 349 864 612 100 744 623 880 368 372 888
47
640 513 131 392 658 147 790 663 668 160 288 36 426 43 683 555 435 56 58 187 318 447 321 578 324 197 725 856 472 600 608 237 622 494 366 241 498 634 379
55
645 390 530 532 22 23 417 290 295 427 44 429 174 438 439 697 698 190 64 449 583 200 585 74 331 591 336 79 854 855 474 92 350 229 613 231 234 365
41
133 649 400 788 276 21 793 538 283 678 41 555 307 564 53 822 55 184 697 188 61 832 449 576 707 720 850 857 478 862 353 105 363 620 748 116 758 253 895
15
646 393 522 270 527 784 142 661 666 796 550 171 560 179 436 308 822 311 568 314 443 572 701 705 839 714 205 590 593 597 860 476 604 356 617 363 494 885 764
96
512 515 4 5 524 525 398 399 656 655 787 790 538 163 675 294 680 297 428 684 175 303 817 696 715 844 207 463 852 347 870 615 616 364 110 371 117 122 891
62
2 515 138 140 141 526 270 276 156 413 418 291 164 299 815 47 177 561 692 310 186 828 445 446 455 332 592 593 215 728 480 616 490 363 748 112 244 891 253 766
34
146 148 535 282 795 543 32 162 419 422 424 42 298 300 44 179 564 820 182 183 696 442 832 579 593 82 346 731 478 100 360 362 749 114 627 248 379 894 767
68
257 392 663 412 802 803 676 810 565 567 195 455 584 329 199 589 77 205 719 851 212 214 730 475 476 220 478 479 480 612 228 868 871 488 486 746 493 884 885 116
62
128 770 516 266 139 779 13 15 277 406 279 795 541 675 167 552 686 567 825 58 315 185 189 703 713 207 211 735 96 740 104 360 746 877 251 240 118 759 123
87
257 771 140 141 15 784 278 154 286 31 544 34 419 420 36 166 547 168 809 804 555 176 572 838 584 721 849 732 221 95 735 738 99 741 486 101 106 874 494 373
4
642 387 518 392 776 650 651 780 529 663 792 27 539 543 289 802 169 45 173 305 53 696 186 826 192 833 78 340 852 855 602 858 218 477 866 616 361 760 510
38
640 388 138 654 530 533 23 281 793 668 289 675 804 424 427 556 178 566 699 702 703 324 71 456 462 337 470 858 219 224 231 504 106 108 242 500 248 378 510
22
769 642 133 779 524 525 143 788 406 667 670 415 35 295 807 298 185 441 697 829 322 70 327 329 714 75 204 590 718 724 346 91 98 744 749 628 501 886 250 767
9
257 900 260 778 266 268 784 146 531 153 413 30 545 805 421 295 37 427 303 560 691 311 569 446 834 73 848 850 85 217 474 220 358 487 490 243 633 122 123 124
15
515 516 645 661 160 674 290 301 561 177 436 53 824 441 443 571 63 450 323 453 709 71 203 77 462 205 851 341 473 604 605 860 863 228 616 233 115 117 125
73
897 770 899 393 789 663 281 672 418 162 548 295 299 303 435 179 826 827 187 571 831 448 452 709 201 845 210 722 87 217 730 350 608 613 234 111 752 241 507 382
75
771 772 517 133 521 267 12 784 146 531 788 153 539 158 670 801 818 51 436 53 704 576 706 451 327 588 590 599 216 856 858 603 348 222 736 364 749 237 630 251
91
128 386 131 4 646 137 778 779 524 653 149 277 280 797 29 544 34 421 810 303 689 50 182 314 64 709 839 841 201 334 851 603 735 608 353 97 369 377 895
80
128 774 134 265 10 795 670 414 292 421 38 679 685 53 311 697 186 705 69 710 455 840 713 333 78 854 599 92 221 483 869 102 614 616 230 877 622 242 380
32
260 262 136 393 8 523 268 13 526 143 399 787 540 158 162 291 36 294 40 425 822 567 451 328 589 461 463 464 602 475 609 228 229 489 752 882 757 760 511
45
385 266 150 280 793 414 801 291 804 552 304 560 310 568 56 190 711 842 844 461 845 335 80 82 469 218 734 612 232 876 749 750 374 503 760 121 763 636
24
132 136 777 653 271 148 790 25 667 797 413 172 428 558 820 181 823 312 824 186 828 61 320 576 194 580 201 714 79 343 600 352 103 360 495 498 887 377 890 507
69
896 769 256 130 523 800 289 677 806 680 553 45 561 689 435 312 185 826 443 828 445 704 456 328 842 202 208 467 90 736 354 611 614 618 625 882 117 893
66
642 10 268 654 783 24 153 410 287 422 806 687 821 566 446 192 832 66 451 454 200 330 334 591 480 233 489 490 106 877 123 368 628 373 757 759 500 635 894
59
899 261 13 654 527 783 787 22 664 793 796 543 547 292 421 166 168 171 302 181 694 60 63 581 198 587 206 464 592 722 724 476 607 360 749 237 630 633 762
43
130 645 5 520 778 270 788 536 152 154 795 410 416 554 814 431 433 55 61 67 580 327 456 333 78 722 596 853 472 600 733 606 482 871 104 115 122 507 510 767
95
384 768 516 133 518 510 397 401 20 21 535 419 682 683 685 557 53 443 60 62 319 704 577 67 326 206 463 599 218 861 104 492 493 498 244 245 380 892 254
5
515 387 648 781 403 276 536 412 158 544 547 678 299 686 830 703 191 710 333 726 599 86 858 604 349 733 348 352 868 122 364 888 117 756 245 376 761 762
40
131 772 645 777 137 19 792 155 28 284 670 550 39 427 430 560 696 697 572 832 581 326 455 712 461 847 855 347 349 223 485 359 104 363 367 251 881 495 763
22
129 258 7 10 268 782 143 407 165 806 679 296 47 180 52 55 569 698 827 444 61 190 187 64 576 836 325 464 593 598 218 731 865 361 508 369 370 887 764 127
15
257 391 776 777 138 139 522 781 267 28 285 799 420 677 428 174 175 51 309 55 312 315 187 832 64 708 325 455 588 589 334 209 598 730 614 744 877 113 631 506
95
129 516 517 528 767 532 661 792 288 434 562 695 184 569 58 187 446 574 832 193 448 191 329 339 726 93 607 104 491 494 239 368 753 882 379 253 895
85
261 783 529 162 290 291 812 175 176 432 434 564 566 440 825 444 573 61 63 320 322 70 456 842 720 465 475 348 480 103 616 360 489 875 110 241 759 763 255
59
256 897 898 643 525 398 531 148 662 663 26 155 680 553 427 45 174 822 439 313 315 444 701 580 68 202 464 473 602 732 734 225 740 742 494 499 755 758 378 125
76
512 769 6 649 139 780 272 278 25 540 549 297 169 819 52 823 59 447 454 73 330 844 845 717 849 466 852 340 218 736 97 250 748 623 496 752 883 762 893
5
897 647 139 141 659 20 153 797 669 158 675 40 170 53 313 445 833 195 455 840 588 847 851 85 470 729 221 862 479 864 865 227 868 355 484 104 875 366 504 126
14
771 645 137 11 140 16 149 793 27 669 164 40 553 559 305 564 699 316 572 706 713 463 466 338 85 474 859 347 221 731 95 91 736 353 483 104 234 112 247 125
45
257 2 390 395 13 270 148 149 281 157 287 800 805 421 39 38 684 45 49 436 565 437 824 704 449 579 326 334 719 88 732 607 609 867 869 231 241 370 372 636
13
256 10 141 656 273 530 148 278 279 796 668 286 799 160 40 301 429 175 688 820 440 697 190 191 66 710 459 855 349 229 870 109 622 753 629 506 507 382 895
3
896 387 3 135 781 782 403 532 405 279 675 166 551 554 427 813 45 691 820 826 442 700 575 68 69 456 841 466 85 599 474 603 222 740 376 364 881 369 632
83
641 6 391 136 395 18 535 791 666 667 157 286 290 291 35 680 810 555 301 562 695 575 448 455 843 204 84 218 352 740 741 743 233 497 371 116 630 507 509 254
58
897 129 261 134 647 9 395 12 782 272 282 157 31 292 37 38 554 811 170 435 317 446 836 583 584 73 71 328 338 83 594 342 471 856 733 495 625 754 370 764
43
900 137 16 17 530 32 675 679 428 174 559 816 439 701 317 833 706 451 577 710 70 71 204 845 333 207 339 87 857 474 733 606 223 631 748 492 367 112 368 375
51
259 900 7 652 782 784 22 279 26 289 548 40 41 680 811 428 47 177 563 691 437 185 572 448 65 834 195 452 587 846 847 209 723 724 473 345 624 373
68
256 391 651 18 148 661 789 536 792 420 39 822 830 574 575 321 197 837 585 203 587 464 467 341 342 602 478 862 481 866 741 102 105 106 751 116 375 250 767
11
385 771 263 137 139 140 784 404 408 792 413 285 415 289 290 803 552 808 43 813 174 431 313 441 443 445 63 832 322 324 592 852 215 889 97 227 613 745 234 121
17
772 264 265 778 524 401 403 660 662 791 155 675 676 291 550 434 57 825 70 456 202 592 725 216 99 867 229 103 504 617 233 618 365 755 243 632 761 891 125 510
21
645 263 138 782 279 280 794 28 284 38 299 684 816 692 821 54 695 315 701 830 197 837 200 329 331 332 84 854 349 735 223 97 742 230 875 108 252 381 382
37
898 648 520 777 526 656 274 531 796 29 412 671 291 421 422 165 299 685 431 822 191 832 706 835 715 204 468 855 599 90 375 744 108 498 756 629 887 251
54
772 522 638 524 523 271 402 663 545 548 552 171 172 302 431 306 824 698 323 837 76 718 851 852 469 861 478 356 615 231 489 490 104 495 244 758 378 894
84
898 262 518 264 265 778 266 140 393 654 20 540 541 670 288 546 163 35 809 43 562 307 319 448 838 585 79 850 470 215 473 859 733 96 98 229 870 888 890 509
75
771 268 781 269 657 150 281 665 29 799 549 422 809 685 688 48 562 563 435 695 312 315 445 446 69 77 723 726 855 90 733 97 610 229 872 233 494 502 255
78
256 386 771 135 393 650 139 268 15 784 17 147 537 413 287 34 803 804 809 428 45 174 304 821 567 56 449 198 85 479 226 743 747 110 623 752 240 117 375 763
28
640 515 6 776 523 268 144 659 21 27 284 674 163 165 423 812 688 432 49 689 52 569 832 707 838 716 83 854 855 736 864 744 109 238 621 752 114 247 376 633
15
768 268 273 147 531 280 797 798 31 800 287 168 682 812 434 52 180 59 316 575 832 705 65 846 81 210 82 216 730 474 861 739 612 228 870 366 628 886 377 892
55
3 900 13 655 16 529 19 147 787 532 150 664 796 164 46 431 174 308 186 573 832 579 452 197 582 195 79 336 344 733 350 867 230 872 362 755 380 509
89
516 900 646 132 137 144 528 532 660 793 795 286 419 676 804 677 303 561 565 55 699 703 575 321 834 323 327 584 842 847 80 82 213 217 93 222 353 365 237 120
71
257 386 2 643 262 647 521 650 266 529 32 33 549 806 42 175 58 826 442 316 60 70 841 202 594 601 217 219 225 227 484 100 870 234 490 746 110 496 632 895
64
772 775 392 784 410 413 674 681 307 52 821 308 180 698 317 66 581 77 847 593 465 729 474 89 217 93 350 354 485 613 359 358 108 116 757 761 765 638 255
31
384 897 784 529 406 280 152 540 158 419 551 171 815 179 825 569 446 575 840 461 210 852 215 345 346 729 220 350 351 248 749 237 239 625 119 376 764 895
93
770 899 259 518 651 779 656 145 787 532 665 539 157 670 797 672 160 42 299 683 304 309 183 314 711 200 840 590 719 87 475 219 607 365 623 112 751 495 374 503
14
8 649 137 11 139 648 399 784 406 536 537 667 540 30 286 417 35 676 547 688 305 561 833 835 201 585 590 83 852 476 92 738 485 102 614 123 241 242 885 507
23
512 770 132 521 265 268 654 271 144 787 532 407 537 669 798 672 815 434 51 55 59 445 63 704 64 195 324 198 454 74 468 87 349 480 618 367 758 247 124
62
768 257 645 393 266 140 653 652 145 787 22 153 665 156 33 38 423 690 57 826 699 701 322 200 204 337 468 216 477 349 867 491 236 877 235 501 375 891 125 510
34
897 900 651 397 784 788 790 153 670 673 552 681 425 170 809 684 559 817 573 193 705 69 205 593 343 861 862 733 225 104 491 363 109 622 875 880 112 124 510 127
87
512 898 136 523 657 402 148 277 406 791 535 794 541 288 675 165 550 423 812 691 436 437 825 189 706 453 716 205 591 466 851 724 84 605 224 746 759 623 247
8
264 392 138 276 670 291 420 166 684 47 49 50 691 693 439 573 707 196 327 712 455 74 843 458 205 75 80 83 469 853 479 105 618 112 501 507 252 894
85
513 259 516 135 271 788 534 662 279 151 793 155 795 542 32 417 672 431 688 306 819 442 61 445 837 840 330 207 861 737 354 739 99 104 362 494 373 117 632 636
89
515 262 264 138 780 534 796 540 414 669 799 165 684 429 304 563 307 693 821 441 316 829 573 703 69 584 458 715 208 337 474 92 351 738 356 233 629 758 249 890
94
896 256 259 6 392 523 652 140 272 145 281 283 667 288 161 162 805 299 53 438 309 440 702 453 843 716 336 346 218 605 609 100 873 875 883 884 372 756 759 894
52
512 1 646 774 264 137 400 405 153 795 424 296 561 305 821 440 574 836 454 710 844 462 463 847 339 853 85 89 729 736 610 227 868 619 365 240 501 759 379 126
19
769 643 900 389 518 516 20 660 662 411 674 427 430 307 308 182 438 701 448 450 451 582 838 327 841 202 461 206 337 598 478 735 865 229 363 619 626 503 760 766
88
641 385 775 778 18 793 796 543 163 297 681 812 176 308 566 439 312 191 69 199 75 77 463 592 591 597 470 345 732 608 869 485 359 232 361 362 889 123
20
896 3 522 781 654 657 408 154 283 29 800 416 290 296 297 555 303 687 817 693 54 440 65 834 837 848 341 854 89 220 479 871 108 366 498 115 247 889 894
96
900 519 520 394 274 147 659 151 283 543 676 808 170 301 816 565 184 570 315 316 61 829 572 321 67 580 464 81 593 724 469 597 731 97 870 623 496 633 894
56
523 653 654 15 658 787 20 406 409 37 294 681 41 558 431 690 565 823 568 441 833 834 578 202 206 209 725 479 98 355 232 106 238 369 114 374 634 892 893 638
73
142 784 401 18 19 147 277 787 22 31 33 162 803 684 557 559 312 697 830 706 451 197 327 717 208 347 733 352 226 612 358 233 619 755 374 631 630 251 124 638
40
384 258 645 268 13 14 18 787 408 542 160 803 36 170 300 557 686 63 575 328 330 845 859 224 737 610 739 96 357 616 620 368 497 625 627 632 761 252 382
60
770 515 774 777 282 33 812 813 814 688 58 570 60 67 453 204 76 721 84 213 471 856 606 734 481 229 486 615 104 742 106 108 109 496 882 371 247 892 893 639
59
769 643 900 650 14 783 273 17 787 661 409 28 797 157 29 31 801 678 551 168 686 693 821 695 576 321 326 715 208 217 345 347 95 609 103 112 886 249
88
384 513 514 521 649 524 14 784 402 276 410 28 158 421 686 48 562 319 191 195 324 326 584 585 76 334 337 607 608 492 880 249 127 253 382 255
43
256 1 257 259 132 773 529 404 663 794 27 283 798 544 806 167 41 554 173 434 692 53 700 701 708 200 459 718 335 82 218 475 350 734 740 229 873 751 887 249
32
386 269 270 25 668 544 160 163 419 422 295 684 305 178 180 570 318 448 705 712 328 77 462 334 846 209 339 348 352 610 101 870 744 360 365 496 880 624 883
5
384 641 896 520 525 142 13 272 16 275 22 39 172 45 47 565 310 186 319 576 578 324 455 714 459 74 592 594 857 858 219 606 612 874 110 247 505 378 253
39
385 1 387 263 519 521 780 654 270 148 662 406 796 802 808 303 53 566 312 569 186 63 191 582 201 847 210 211 477 95 609 610 742 232 241 370 884 117 637
55
128 898 391 524 653 268 274 531 788 405 278 410 158 288 166 807 427 173 814 179 691 309 52 183 310 826 322 69 326 587 83 855 90 95 483 485 107 493 632 894
5
2 3 132 645 651 781 142 401 146 22 279 895 31 34 805 555 315 445 586 846 719 851 92 607 481 738 102 870 233 362 235 632 237 495 246 631 760 633 124 511
46
769 644 9 658 659 405 279 153 538 412 543 671 300 689 564 437 185 186 187 60 700 570 709 74 715 844 466 213 726 601 732 486 105 620 239 883 884 757 886 126
19
1 770 387 641 268 782 399 17 535 536 152 666 547 165 559 48 50 178 436 694 823 186 699 62 450 587 76 593 598 726 216 609 225 228 497 882 371 626 629 631
38
390 519 521 138 396 149 665 154 281 675 676 555 301 692 696 443 62 64 705 66 708 76 79 471 346 478 741 230 231 360 490 875 494 751 499 888 376 249 507
2
128 898 387 262 522 282 286 543 687 816 438 441 442 699 67 581 717 465 597 855 88 348 607 608 225 737 99 869 742 614 872 621 495 368 249 891 252 895
28
898 651 270 655 785 20 25 26 28 541 542 798 415 162 803 36 433 822 182 57 450 837 590 593 594 596 214 861 733 608 480 612 108 493 110 751 371 628 119
8
642 131 387 136 393 8 139 652 653 13 11 277 150 664 410 428 302 440 312 574 831 708 584 207 347 864 225 866 352 868 872 618 364 366 116 757 252 894 767
86
643 773 263 142 144 657 656 659 410 412 668 287 166 552 305 818 179 180 434 311 190 450 707 76 209 852 85 726 725 88 89 217 480 225 356 868 875 754 501 630
67
517 391 8 267 143 783 402 274 20 283 799 416 546 547 560 309 437 823 441 830 62 318 585 460 461 593 595 83 855 345 736 486 377 619 491 365 240 755 372 761
66
518 525 14 272 535 154 541 293 166 679 680 681 432 50 55 58 828 448 835 67 198 454 73 460 590 465 850 342 471 87 345 731 610 631 106 620 886 375 767
12
768 130 20 406 792 153 411 156 797 671 35 804 424 428 301 184 315 316 711 586 331 718 852 602 225 226 611 228 737 870 615 102 745 742 492 885 246 761 252 509
78
10 266 11 14 782 533 542 674 806 295 296 41 680 40 174 818 51 563 822 57 316 832 705 711 841 586 75 76 464 218 99 621 238 622 880 241 114 887 506 766
85
640 518 8 395 525 786 404 795 31 287 33 291 549 165 295 423 172 687 566 310 57 317 67 585 714 204 205 717 339 855 731 604 733 347 762 487 503 506 893
67
130 643 269 14 654 147 404 151 285 32 418 292 294 422 298 554 42 560 182 566 570 571 319 705 194 69 581 332 333 207 852 469 345 484 741 617 746 881 626 628
61
896 776 267 525 404 533 21 411 544 417 801 803 809 298 570 61 575 832 193 326 328 586 211 88 731 349 866 354 356 357 871 105 497 370 249 634 764 890 127
75
256 771 262 520 523 20 279 664 410 797 288 290 38 553 684 816 185 574 704 706 835 197 69 583 855 599 348 477 608 359 105 492 749 622 109 370 121 123 254
3
640 395 662 158 415 418 168 169 297 171 47 307 822 441 58 826 65 833 450 324 453 326 582 709 590 719 90 220 607 351 610 742 631 872 749 113 755 373 245 759
8
1 769 131 132 898 518 522 397 398 784 786 404 796 287 809 170 440 575 834 195 452 324 453 455 719 336 596 213 598 87 734 738 357 489 106 110 113 371 244 252
11
513 514 900 777 651 276 539 797 30 671 289 418 292 811 174 310 185 187 701 190 64 578 455 76 216 731 475 477 606 866 355 738 746 622 241 372 632 123
93
648 893 270 147 661 539 667 668 543 38 679 680 170 42 816 436 829 194 706 70 716 718 336 720 472 362 619 752 241 625 381 372 243 758 119 377 765 895
87
899 900 388 262 522 783 271 785 786 144 669 167 552 684 556 685 812 178 309 184 317 833 324 711 203 205 209 721 211 84 467 610 361 233 112 754 884 117 632 639
25
640 768 3 392 521 776 268 140 654 282 26 678 814 687 430 819 318 447 194 708 837 838 330 208 855 87 95 479 228 229 230 487 743 101 234 368 882 118 889 895
79
768 1 258 3 391 136 520 409 537 158 161 417 168 683 181 438 187 444 189 316 452 69 588 593 722 729 349 736 98 227 868 485 358 355 882 116 120 633 508
16
512 132 518 400 671 806 423 39 425 295 679 813 687 432 306 562 825 708 838 200 587 721 722 83 467 852 85 726 341 605 481 738 612 613 741 487 617 505 634 635
21
1 5 136 525 400 787 788 152 162 675 805 300 434 52 694 60 444 573 67 580 73 76 588 79 464 467 468 724 723 595 216 728 731 866 738 497 498 370 758 636
28
513 260 140 785 403 660 533 277 406 278 796 800 289 429 814 431 48 568 825 570 572 449 66 580 198 456 77 846 207 208 467 597 604 605 351 352 486 870 491 254
78
512 513 521 270 528 657 792 283 795 416 33 674 423 42 299 691 446 574 579 582 589 208 337 721 87 728 347 733 357 231 490 112 752 756 884 630 123 764 254
49
142 656 659 276 539 286 161 677 679 297 43 46 562 183 185 190 576 577 582 713 330 590 466 722 597 853 469 85 728 90 599 223 99 357 489 236 750 369 886 762
63
259 265 138 780 652 271 16 539 667 540 32 421 810 812 820 439 573 191 448 324 581 73 842 331 843 206 595 609 870 742 877 110 241 372 116 889 634 893 126
11
1 3 261 648 649 138 655 657 275 660 405 411 668 800 676 421 49 820 825 698 575 199 713 77 84 476 862 863 481 737 621 366 882 243 376 763 764 255
92
386 765 511 140 14 15 145 662 153 285 31 162 421 426 557 429 816 823 824 440 61 446 592 851 345 219 475 479 352 481 737 739 488 241 118 247 376 634 509 895
55
644 142 785 529 788 157 286 547 293 556 301 558 172 430 177 824 836 842 589 336 721 341 85 215 856 732 350 223 741 104 745 488 875 373 630 380
77
642 899 647 781 527 401 787 151 792 152 284 797 683 301 686 815 691 312 186 575 580 328 716 78 206 591 593 600 478 865 228 360 759 236 749 240 119 636 127
74
128 387 4 388 391 519 17 786 403 148 530 406 152 542 290 34 35 689 51 308 567 58 186 60 574 319 457 848 593 851 725 854 603 736 236 624 371 374 378
94
7 778 664 665 283 669 798 801 673 427 812 815 687 54 568 312 442 317 326 71 75 205 207 596 600 602 862 734 354 739 874 751 625 114 115 888 117 887 632 765
11
524 144 529 789 533 794 27 284 156 290 45 48 305 306 307 180 569 446 831 200 842 75 462 84 218 732 862 351 736 354 616 622 880 242 883 248 123 510
72
640 770 645 518 133 140 524 398 784 19 531 409 156 34 420 164 808 174 305 185 442 827 319 322 196 325 198 69 456 459 590 591 87 604 224 618 754 374 632
61
514 900 263 776 775 511 655 17 660 667 161 674 38 167 424 168 44 821 568 442 446 453 200 458 336 728 730 737 100 486 231 746 108 622 115 245 636 253 638 639
16
3 261 12 399 786 658 789 663 24 153 282 794 27 413 798 407 163 186 190 319 830 69 837 197 586 715 80 84 88 96 483 485 873 110 879 882 754 500 633
3
779 401 148 408 283 30 37 558 431 446 68 837 838 582 328 79 80 595 213 214 725 602 858 222 865 355 122 872 233 111 880 627 115 759 634 763 639
6
259 260 133 141 655 151 26 794 676 552 41 42 683 300 429 685 815 303 692 312 444 445 449 194 835 580 70 861 221 862 867 101 872 873 367 752 242 501 123 765
73
897 2 260 520 648 395 653 660 152 667 668 675 547 422 687 433 438 183 699 453 458 76 210 220 604 223 480 224 233 234 618 108 749 745 367 882 371 755 761 639
98
769 515 132 516 650 787 405 277 279 666 806 680 810 814 175 51 53 831 575 577 67 580 835 711 840 71 716 469 214 88 225 484 357 230 232 364 365 120 635
39
385 258 899 648 765 267 270 658 660 412 669 288 37 295 177 436 564 695 440 194 706 323 325 840 585 337 82 602 95 229 487 488 363 625 117 888 508 509 638
92
384 892 397 270 271 535 282 284 669 543 544 37 549 425 554 170 694 696 831 575 581 455 200 71 854 345 89 731 476 227 228 880 627 500 503 379 252 510
82
147 404 23 536 157 158 800 37 678 688 49 436 181 184 570 572 828 576 449 706 840 330 590 209 81 852 469 345 733 863 609 226 741 238 879 496 240 628
14
130 386 774 775 651 406 793 26 155 284 32 291 292 293 805 421 299 302 432 306 566 316 829 62 448 577 712 718 597 341 727 346 858 222 366 241 754 244 888 380
90
513 5 390 519 7 134 529 150 285 798 290 550 687 176 559 567 442 704 833 580 453 74 81 856 601 605 357 103 489 106 873 108 233 369 882 371 374 249 890 126
45
513 770 137 394 777 13 18 405 406 23 24 281 155 545 298 302 184 443 831 192 705 193 332 333 464 592 851 734 225 226 742 744 620 877 494 751 115 886 382 383
93
3 132 387 388 13 657 273 147 790 668 40 425 810 44 686 304 186 574 703 324 711 71 327 331 718 336 465 596 468 215 728 731 220 741 743 631 105 235 887 892
100
771 132 638 268 655 20 406 537 666 413 543 425 41 432 562 825 828 705 66 324 454 455 585 330 75 460 332 459 593 343 858 479 867 487 360 370 628 887 635 894
72
774 263 134 17 146 155 159 288 164 38 168 426 48 50 566 833 67 68 837 836 195 712 587 331 845 462 345 473 732 867 231 238 124 369 880 888 633 506 251 508
11
258 6 391 134 9 525 274 402 405 280 153 794 539 542 424 171 816 817 696 828 830 831 323 711 456 584 585 329 340 852 89 348 862 97 615 751 624 638
84
514 132 9 10 652 270 526 784 657 660 29 287 38 424 680 40 174 175 818 306 692 699 444 69 453 716 590 846 855 602 219 865 361 109 240 118 374 764
26
772 518 776 648 393 14 15 782 405 408 153 540 157 162 808 171 175 568 448 65 453 328 715 852 731 351 97 356 357 359 616 872 618 238 112 114 377 890 507
22
384 385 3 383 264 140 527 528 790 803 805 165 556 428 304 177 439 445 318 703 573 705 323 708 581 454 716 851 120 477 356 484 621 751 119 760 123 381 127
41
896 513 260 264 777 9 525 143 784 275 20 278 664 667 670 801 50 827 191 199 712 203 716 333 849 594 596 724 598 602 478 227 488 361 235 497 116 507 638 511
73
773 11 12 18 789 536 160 546 548 424 683 816 820 308 440 699 188 60 321 69 718 467 468 596 85 348 605 479 224 612 101 109 750 880 114 503 761 508 511
87
898 132 776 15 656 659 788 21 408 26 411 28 797 414 34 163 164 557 559 305 689 824 319 197 332 461 463 465 594 83 738 868 359 493 881 753 243 500 250
18
771 387 647 776 278 281 665 414 801 291 552 425 41 427 176 182 57 445 583 72 75 716 205 206 719 84 730 862 223 481 98 612 489 107 366 113 883 121 767
49
385 774 525 401 274 533 156 28 29 420 805 554 812 819 567 570 575 63 68 709 77 82 339 210 85 725 603 604 478 863 735 362 110 238 880 367 372 246 633
43
512 898 261 9 654 270 526 528 531 21 150 537 414 802 421 549 171 691 823 703 192 706 323 324 331 717 80 343 601 346 737 354 870 879 886 507 511
69
386 263 393 266 141 14 142 529 787 789 790 27 284 161 41 427 686 690 185 443 192 324 712 329 462 79 467 84 470 219 607 868 490 111 112 751 630 888 252
66
265 266 652 401 531 20 667 413 673 674 35 552 554 685 558 559 440 186 830 832 193 196 462 335 207 594 213 216 218 475 352 97 226 356 485 358 492 371 248
28
642 7 648 650 782 658 665 794 540 797 413 419 36 550 40 428 301 436 187 573 65 325 710 330 335 723 216 218 224 97 738 229 492 367 881 756 245 249 380
22
266 16 656 787 150 278 408 280 544 804 296 176 51 566 440 184 186 56 61 326 712 201 584 331 332 80 594 82 852 725 473 218 614 363 243 373 506 508 382 383
42
2 3 388 510 263 648 143 788 662 663 408 793 155 28 541 287 160 33 32 429 818 566 695 187 443 576 72 840 843 725 598 342 606 871 489 109 372 373 502 894
59
641 643 645 392 778 659 22 158 550 425 554 172 434 181 823 57 832 705 201 588 334 80 339 467 855 344 88 861 95 480 223 234 875 244 761 250 380 125 639
47
900 7 397 141 655 273 408 280 541 542 158 163 36 806 425 684 561 691 435 827 187 840 78 85 87 472 90 222 481 355 869 107 753 369 371 373 246 379 638
50
384 258 900 11 142 784 17 531 790 151 663 26 415 806 808 426 298 299 557 814 301 689 445 830 320 582 331 204 333 76 720 732 96 481 487 359 360 750 626
24
771 772 5 261 135 390 777 526 784 528 534 671 804 548 39 680 168 53 570 315 443 445 319 585 330 338 210 347 94 223 865 354 357 873 106 109 378 756 890 127
29
385 7 647 521 268 528 784 657 531 532 404 148 23 408 410 421 677 306 563 310 825 58 571 572 319 704 194 582 455 83 473 605 360 104 492 879 240 496 632 761
17
258 900 390 7 263 137 788 663 411 288 673 292 805 804 170 812 431 438 320 203 463 848 722 723 468 87 604 733 476 487 231 105 877 239 369 755 630 378 636 511
42
259 8 266 139 523 653 16 147 149 405 673 428 46 304 52 184 58 59 445 829 575 834 323 453 587 462 851 340 212 480 867 868 358 746 492 753 625 762 123 893
66
128 769 395 272 787 666 541 29 543 415 31 35 164 298 811 826 61 711 329 465 82 339 596 214 476 223 353 737 611 227 487 360 619 875 238 115 888 122 251 253
56
130 389 523 21 279 282 27 154 28 541 287 678 811 824 442 571 187 705 582 840 457 587 91 94 607 609 613 357 363 107 364 108 235 752 369 883 119 895
49
521 650 783 275 659 661 790 667 671 552 809 42 686 176 305 50 177 564 439 62 833 193 580 332 87 217 603 349 610 355 870 103 361 238 239 885 374 505 636 125
14
257 129 519 137 539 160 161 168 171 175 437 567 695 58 570 575 851 725 344 601 728 604 733 478 99 100 102 872 489 108 878 378 623 499 629 762 379 509
37
509 3 132 519 12 785 278 798 416 35 171 563 51 53 439 700 192 321 450 197 456 713 336 211 855 88 727 219 732 477 607 102 234 492 240 242 757 506 765 255
25
770 643 258 388 272 401 275 151 664 281 537 412 157 33 677 301 177 819 565 315 571 61 450 835 70 78 339 468 726 119 731 476 224 486 626 629 759 760 254 383
92
512 391 647 775 650 780 15 273 415 677 424 683 428 49 696 447 448 322 195 583 712 457 201 718 85 216 473 472 94 101 872 360 366 496 755 254 121 253 638
67
136 648 17 145 533 21 415 551 297 46 816 176 178 435 565 695 56 186 316 576 194 324 73 715 205 717 722 725 858 609 225 611 228 103 492 239 498 882 886 759
4
774 647 262 638 650 524 790 792 31 162 676 424 685 49 50 435 692 55 313 185 445 64 460 335 591 596 728 857 92 860 862 861 734 484 361 363 748 752 637 126
18
641 258 11 399 787 276 277 413 798 416 676 176 182 439 577 68 69 839 332 588 846 79 724 727 215 473 732 605 96 226 483 623 239 241 500 756 886 758 890 638
18
512 642 5 782 785 17 147 663 34 419 420 680 811 818 819 696 188 202 75 331 203 846 722 601 350 226 101 870 103 744 617 250 234 623 883 758 632 122 509
55
140 16 17 660 277 151 538 29 287 419 810 814 558 559 178 826 700 577 203 75 461 587 466 730 731 860 734 736 121 611 249 233 235 748 759 887 889 764 893
88
768 4 779 398 272 532 664 25 27 540 798 161 164 422 809 556 46 570 442 444 61 192 836 711 203 589 848 344 218 222 351 862 615 360 883 244 757 755 121
90
384 642 386 779 653 142 14 269 402 403 405 408 669 31 33 290 295 176 306 442 712 595 851 853 87 729 857 218 94 481 867 100 741 358 871 742 106 747 875
56
640 513 764 773 264 8 654 146 660 276 797 809 698 187 443 59 192 321 77 337 593 595 467 83 596 852 729 349 607 481 739 869 874 236 886 247 761 252
51
129 770 510 775 780 784 403 23 152 281 544 163 676 812 558 47 49 305 57 188 322 453 839 711 716 845 466 855 87 601 219 224 354 228 231 624 377 762 126
66
770 774 263 648 265 272 16 147 20 21 665 413 157 811 46 815 183 828 316 572 576 458 459 592 598 351 224 225 747 492 495 367 370 626 884 118 380 767
89
897 2 770 643 133 775 275 276 405 407 408 664 537 31 673 34 545 548 802 43 813 45 690 51 820 53 54 187 572 829 341 726 475 97 869 505 242 503 889 250
76
643 6 519 648 400 528 407 668 542 798 38 811 183 568 570 700 831 703 451 583 584 713 79 849 467 84 854 219 860 608 98 871 232 746 508 239 879 507 892 894
3
519 524 403 280 154 667 673 37 297 426 430 175 431 305 561 691 436 57 187 318 704 578 323 197 203 845 725 726 88 220 604 226 354 486 231 488 245 376 507 766
50
261 892 654 766 782 405 279 663 283 543 800 35 420 52 821 696 824 700 450 472 346 93 734 735 96 863 99 357 102 231 104 489 871 368 503 376 380 510
58
773 389 272 531 667 797 30 168 682 47 182 694 566 826 316 832 577 706 835 837 332 77 78 76 848 849 594 467 87 472 219 476 352 738 107 237 375 378
16
765 780 18 798 418 802 547 36 166 167 427 45 302 561 437 822 821 695 447 194 78 341 853 347 91 484 104 250 234 367 242 243 757 758 375 633 890 892 509
24
10 655 400 273 658 787 788 271 23 667 415 543 545 676 36 300 566 823 312 440 575 835 324 202 331 203 332 209 215 603 93 608 615 491 496 627 371 372 890 509
15
768 513 263 7 776 650 141 783 274 275 792 796 156 157 288 34 429 562 691 569 193 836 330 77 600 732 352 354 357 103 492 877 364 624 371 379 120 506 891 895
19
259 261 134 269 409 793 537 540 412 794 799 160 544 37 806 41 432 694 443 700 196 334 210 854 733 96 226 614 615 362 241 883 500 630 503 121 507 255
10
258 772 393 525 893 143 18 793 410 414 159 678 45 46 434 691 692 565 819 563 440 59 322 323 80 721 210 466 597 602 218 862 99 746 113 118 377 124 125 382
60
896 136 10 524 402 792 24 410 667 677 552 429 451 839 840 713 202 458 844 719 595 724 729 862 357 102 871 360 103 745 494 368 626 245 886 119 502 122 637
39
514 3 521 523 268 653 531 790 667 283 545 37 806 679 44 685 191 325 845 78 79 593 86 600 473 731 351 482 743 231 109 238 879 751 242 502 250 507 254
12
769 130 514 4 520 139 276 895 410 543 160 416 33 801 37 40 809 441 445 573 835 335 214 729 91 860 478 740 486 236 238 368 625 248 123 893 894 255
23
514 517 261 11 272 273 532 284 30 286 803 547 300 813 558 431 49 561 179 181 438 700 574 450 200 468 216 346 858 220 354 102 106 621 878 752 880 763 511
8
387 261 6 775 646 265 650 136 13 398 783 151 26 798 670 676 548 551 553 814 436 438 569 187 65 78 335 83 212 217 859 860 226 356 228 239 370 373 245
30
133 135 9 522 396 145 146 150 537 666 667 413 296 44 45 305 51 822 55 443 318 453 461 214 600 89 349 99 612 614 491 367 242 882 115 374 888 122 890
10
255 132 263 383 528 785 530 148 23 667 412 291 805 682 170 298 47 689 179 56 836 327 80 593 119 94 611 484 103 488 106 748 493 495 370 115 887 895
5
899 391 775 651 655 528 275 403 149 150 281 282 157 287 164 676 427 173 432 182 440 186 66 578 461 471 472 215 860 225 121 102 235 879 498 119 376 761 509
71
641 3 263 140 653 782 783 16 25 286 799 546 676 552 51 438 695 59 701 708 837 70 712 590 593 466 85 218 91 348 347 486 871 362 620 372 631 889
3
768 131 773 390 263 12 783 659 667 412 414 800 801 295 167 299 302 306 51 184 192 841 330 587 593 856 729 602 475 477 862 861 227 743 361 109 496 500 509
9
898 260 518 136 144 401 148 406 283 32 546 803 421 180 437 187 576 321 581 713 73 207 720 597 217 603 736 97 482 615 105 491 236 880 374 247 379 252 893
14
