50
50
1 15 16 17 22 25 31 36 41 42 46 47
216
1 10 15 25 26 27 30 31 36 40 50
200
2 9 10 13 16 17 26 27 28 31 37 38 40 42 44 46 47 49
329
1 3 21 28 48
93
4 17 22 24 34 36 38 42 47
167
1 7 9 15 18 22 27 43 47 48
181
4 6 7 10 16 18 29 32 33 34 38 42 44 47
254
6 9 17 21 34 39 40 41 43 49
185
11 12 14 15 21 22 25 32 37 46
182
3 7 8 10 12 18 27 29 36 37 38 46 47
239
1 4 7 10 12 25 31 39 41 43 48
203
3 15 16 17 23 26 33 42 47
166
3 4 16 25 29 33 34 43 45 48 49 50
220
2 5 8 18 24 25 27 32 49
164
2 4 10 18 24 28 37 38 39 43 48 49 50
238
3 6 9 14 26 29 35 42 48 50
183
1 2 9 14 26 27 28 29 31 34 36 45 50
237
6 8 18 19 29 33 35 37 38
162
1 2 5 6 30 32 35 36 43 44 45 46
219
5 8 12 17 20 30 32 33 36 41
184
2 5 6 9 10 18 21 30 31 36 44 49 50
239
8 11 19 33 37 44 45 47
145
5 9 15 23 28 40 45 49
145
4 5 8 10 12 15 18 19 20 24 35 37 40 42 48
272
4 7 11 14 20 23 24 27 32 39 40 43 45 50
252
1 6 10 11 24 32 37 41 47 50
183
2 5 16 21 22 28 36 38
147
16 20 30 32 40 43 48
130
2 15 22 43 48 49
111
9 16 20 22 23 28 29 40 45
166
3 9 10 28 30 34 49
126
2 8 16 22 26 33 35 40
149
2 5 12 13 21 26 44 48
144
1 23 24 26 33 37 40 46
146
1 8 9 14 21 22 24 27 30 38 43 44 45
239
4 10 22 23 25 28 34 36 37 41 42 43 46
239
2 4 7 11 13 14 27 38 43 45
181
1 6 8 11 14 24 25 27 29 34 36 42 44 45 48
274
4 7 9 11 18 23 27 31 34 45
182
7 9 13 16 17 21 27 41 42 44 48
201
1 16 18 19 23 25 35 44 48 50
182
3 4 9 19 26 48
109
7 14 15 17 22 30 33 38 39 44
185
1 3 5 6 7 22 25 27 38 46
183
10 12 16 24 26 44 48
128
7 14 17 19 21 33 43 44 50
164
10 11 24 25 29 31 35 50
149
20 23 31 39 41 42 44
129
2 4 12 14 15 23 42 47
145
1 12 17 23 27 29 36 48
148
